/*--------------------------------*- C++ -*----------------------------------*\
| =========                 |                                                 |
| \\      /  F ield         | foam-extend: Open Source CFD                    |
|  \\    /   O peration     | Version:     4.0                                |
|   \\  /    A nd           | Web:         http://www.foam-extend.org         |
|    \\/     M anipulation  |                                                 |
\*---------------------------------------------------------------------------*/
FoamFile
{
    version     2.0;
    format      ascii;
    class       labelList;
    note        "nPoints: 290 nCells: 112 nFaces: 480 nInternalFaces: 192";
    location    "constant/polyMesh";
    object      owner;
}
// * * * * * * * * * * * * * * * * * * * * * * * * * * * * * * * * * * * * * //


480
(
0
0
1
1
2
2
3
4
4
5
5
6
6
7
8
8
9
9
10
10
11
12
12
13
13
14
14
15
16
16
17
17
18
18
19
20
20
21
21
22
22
23
24
24
25
25
26
26
27
28
28
29
29
30
30
31
32
32
33
33
34
34
35
36
36
37
37
38
38
39
40
40
41
41
42
42
43
44
44
45
45
46
46
47
48
48
49
49
50
50
51
52
52
53
53
54
54
55
56
56
57
57
58
58
59
60
60
61
61
62
62
63
64
64
65
65
66
66
67
68
68
69
69
70
70
71
72
72
73
73
74
74
75
76
76
77
77
78
78
79
80
80
81
81
82
82
83
84
84
85
85
86
86
87
88
88
89
89
90
90
91
92
92
93
93
94
94
95
96
96
97
97
98
98
99
100
100
101
101
102
102
103
104
104
105
105
106
106
107
108
109
110
0
1
2
3
0
4
8
12
16
20
24
28
32
36
40
44
48
52
56
60
64
68
72
76
80
84
88
92
96
100
104
108
3
7
11
15
19
23
27
31
35
39
43
47
51
55
59
63
67
71
75
79
83
87
91
95
99
103
107
111
108
109
110
111
0
4
8
12
16
20
24
28
32
36
40
44
48
52
56
60
64
68
72
76
80
84
88
92
96
100
104
108
1
5
9
13
17
21
25
29
33
37
41
45
49
53
57
61
65
69
73
77
81
85
89
93
97
101
105
109
2
6
10
14
18
22
26
30
34
38
42
46
50
54
58
62
66
70
74
78
82
86
90
94
98
102
106
110
3
7
11
15
19
23
27
31
35
39
43
47
51
55
59
63
67
71
75
79
83
87
91
95
99
103
107
111
0
4
8
12
16
20
24
28
32
36
40
44
48
52
56
60
64
68
72
76
80
84
88
92
96
100
104
108
1
5
9
13
17
21
25
29
33
37
41
45
49
53
57
61
65
69
73
77
81
85
89
93
97
101
105
109
2
6
10
14
18
22
26
30
34
38
42
46
50
54
58
62
66
70
74
78
82
86
90
94
98
102
106
110
3
7
11
15
19
23
27
31
35
39
43
47
51
55
59
63
67
71
75
79
83
87
91
95
99
103
107
111
)


// ************************************************************************* //
