(
(6096.96			-52.8651195619)
(6444.96			-52.8651195619)
(6818.48			-52.8651195619)
(7220.6133333333			-52.8651195619)
(7651.36			-52.8651195619)
(8112.2666666667			-52.8651195619)
(8599.4666666667			-52.8651195619)
(9117.6			-52.8651195619)
(9666.6666666667			-52.8651195619)
(10246.6666666667			-52.8651195619)
(10857.6			-52.8651195619)
(11499.4666666667			-52.8651195619)
(12180			-52.8651195619)
(12899.2			-52.8651195619)
(13657.0666666667			-52.8651195619)
(14453.6			-52.8651195619)
(15304.2666666667			-52.8651195619)
(16209.0666666667			-52.8651195619)
(17168			-52.8651195619)
(18188.8			-52.8651195619)
(19279.2			-52.8651195619)
(20423.7333333333			-52.8651195619)
(21637.8666666667			-52.8651195619)
(22929.3333333333			-52.8651195619)
(24282.6666666667			-52.8651195619)
(25705.6			-52.8651195619)
(27198.1333333333			-52.8651195619)
(28760.2666666667			-52.8651195619)
(30384.2666666667			-52.8651195619)
(32077.8666666667			-52.8651195619)
(33802.4			-52.8651195619)
(35472.8			-52.8651195619)
(36973.0666666667			-52.8651195619)
(38202.6666666667			-52.8651195619)
(39146.1333333333			-52.8651195619)
(39842.1333333333			-0.1683267326)
(40352.5333333333			2.7684862263)
(40746.9333333333			5.1182180978)
(41079.4666666667			7.1927132155)
(41381.0666666667			9.0497856993)
(41674.9333333333			10.7083209484)
(41976.5333333333			12.2005898872)
(42293.6			13.5431228551)
(42641.6			14.7599990643)
(43012.8			15.8628757517)
(43422.6666666667			16.8699532308)
(43863.4666666667			17.7872796955)
(44342.9333333333			18.6283470062)
(44853.3333333333			19.4070163602)
(45417.8666666667			20.118438161)
(46013.3333333333			20.7799015467)
(46655.2			21.3942167782)
(47335.7333333333			21.9618262138)
(48062.6666666667			22.4946999748)
(48828.2666666667			22.9934908538)
(49632.5333333333			23.4566607435)
(50467.7333333333			23.8949156744)
(51357.0666666667			24.3080319293)
(52292.8			24.6971032276)
(53274.9333333333			25.0675262079)
(54311.2			25.4197690908)
(55401.6			25.7592458365)
(56569.3333333333			26.0802936028)
(57806.6666666667			26.3859479176)
(59136.8			26.6840714708)
(60567.4666666667			26.9724615079)
(62121.8666666667			27.2521499327)
(63823.2			27.5244657505)
(65702.4			27.7930173413)
(67782.6666666667			28.047442192)
(70110.4			28.3019720572)
(72732			28.5451385243)
(75717.0666666667			28.7900694298)
(79112			29.0255503549)
(83056			29.2600730591)
(87541.3333333333			29.4883756932)
(92800			29.7118622389)
(98986.6666666667			29.9314328855)
(106256			30.1412724711)
(114762.666666667			30.350027285)
(124893.333333333			30.5526723148)
(136648			30.745783579)
(150568			30.9321619365)
(166808			31.1097489562)
(185909.333333333			31.2778455221)
(208413.333333333			31.4389307596)
(234706.666666667			31.5881914541)
(265485.333333333			31.7290488868)
(301600			31.862123971)
(344752			31.9866291264)
(395018.666666667			32.1011157145)
(454797.333333333			32.2083612449)
(526098.666666667			32.3062361863)
(612866.666666667			32.3981875273)
(719432			32.4875326276)
(850666.666666667			32.5616405998)
(1009973.33333333			32.6306334713)
)
