/*--------------------------------*- C++ -*----------------------------------*\
| =========                 |                                                 |
| \\      /  F ield         | foam-extend: Open Source CFD                    |
|  \\    /   O peration     | Version:     4.0                                |
|   \\  /    A nd           | Web:         http://www.foam-extend.org         |
|    \\/     M anipulation  |                                                 |
\*---------------------------------------------------------------------------*/
FoamFile
{
    version     2.0;
    format      ascii;
    class       faceList;
    location    "constant/polyMesh";
    object      faces;
}
// * * * * * * * * * * * * * * * * * * * * * * * * * * * * * * * * * * * * * //


1111
(
4(211 649 454 16)
4(210 648 455 17)
4(209 647 456 18)
4(208 646 457 19)
4(207 645 458 20)
4(206 644 459 21)
4(205 643 460 22)
4(204 642 461 23)
4(203 641 462 24)
4(202 640 463 25)
4(201 639 464 26)
4(200 638 465 27)
4(199 637 466 28)
4(198 636 467 29)
4(197 635 468 30)
4(196 634 469 31)
4(195 633 470 32)
4(194 632 471 33)
4(193 631 472 34)
4(192 630 473 35)
4(191 629 474 36)
4(190 628 475 37)
4(189 627 476 38)
4(188 626 477 39)
4(187 625 478 40)
4(186 624 479 41)
4(185 623 480 42)
4(184 622 481 43)
4(183 621 482 44)
4(182 620 483 45)
4(181 619 484 46)
4(180 618 485 47)
4(179 617 486 48)
4(178 616 487 49)
4(177 615 488 50)
4(176 614 489 51)
4(175 613 490 52)
4(174 612 491 53)
4(173 611 492 54)
4(172 610 493 55)
4(171 609 494 56)
4(170 608 495 57)
4(169 607 496 58)
4(168 606 497 59)
4(167 605 498 60)
4(166 604 499 61)
4(165 603 500 62)
4(164 602 501 63)
4(163 601 502 64)
4(162 600 503 65)
4(161 599 504 66)
4(160 598 505 67)
4(159 597 506 68)
4(158 596 507 69)
4(157 595 508 70)
4(156 594 509 71)
4(155 593 510 72)
4(154 592 511 73)
4(153 591 512 74)
4(152 590 513 75)
4(151 589 514 76)
4(150 588 515 77)
4(149 587 516 78)
4(148 586 517 79)
4(147 585 518 80)
4(146 584 519 81)
4(145 583 520 82)
4(144 582 521 83)
4(143 581 522 84)
4(142 580 523 85)
4(141 579 524 86)
4(140 578 525 87)
4(139 577 526 88)
4(138 576 527 89)
4(137 575 528 90)
4(136 574 529 91)
4(135 573 530 92)
4(134 572 531 93)
4(133 571 532 94)
4(132 570 533 95)
4(131 569 534 96)
4(130 568 535 97)
4(129 567 536 98)
4(128 566 537 99)
4(127 565 538 100)
4(126 564 539 101)
4(125 563 540 102)
4(124 562 541 103)
4(123 561 542 104)
4(122 560 543 105)
4(121 559 544 106)
4(120 558 545 107)
4(119 557 546 108)
4(118 556 547 109)
4(117 555 548 110)
4(116 554 549 111)
4(115 553 550 112)
4(114 552 551 113)
4(5 11 10 1)
4(235 212 695 650)
4(236 213 694 651)
4(237 214 693 652)
4(238 215 692 653)
4(239 216 691 654)
4(240 217 690 655)
4(241 218 689 656)
4(242 219 688 657)
4(243 220 687 658)
4(244 221 686 659)
4(245 222 685 660)
4(246 223 684 661)
4(247 224 683 662)
4(248 225 682 663)
4(249 226 681 664)
4(250 227 680 665)
4(251 228 679 666)
4(252 229 678 667)
4(253 230 677 668)
4(254 231 676 669)
4(255 232 675 670)
4(256 233 674 671)
4(257 234 673 672)
4(2 6 13 12)
4(356 355 891 696)
4(357 354 890 697)
4(358 353 889 698)
4(359 352 888 699)
4(360 351 887 700)
4(361 350 886 701)
4(362 349 885 702)
4(363 348 884 703)
4(364 347 883 704)
4(365 346 882 705)
4(366 345 881 706)
4(367 344 880 707)
4(368 343 879 708)
4(369 342 878 709)
4(370 341 877 710)
4(371 340 876 711)
4(372 339 875 712)
4(373 338 874 713)
4(374 337 873 714)
4(375 336 872 715)
4(376 335 871 716)
4(377 334 870 717)
4(378 333 869 718)
4(379 332 868 719)
4(380 331 867 720)
4(381 330 866 721)
4(382 329 865 722)
4(383 328 864 723)
4(384 327 863 724)
4(385 326 862 725)
4(386 325 861 726)
4(387 324 860 727)
4(388 323 859 728)
4(389 322 858 729)
4(390 321 857 730)
4(391 320 856 731)
4(392 319 855 732)
4(393 318 854 733)
4(394 317 853 734)
4(395 316 852 735)
4(396 315 851 736)
4(397 314 850 737)
4(398 313 849 738)
4(399 312 848 739)
4(400 311 847 740)
4(401 310 846 741)
4(402 309 845 742)
4(403 308 844 743)
4(404 307 843 744)
4(405 306 842 745)
4(406 305 841 746)
4(407 304 840 747)
4(408 303 839 748)
4(409 302 838 749)
4(410 301 837 750)
4(411 300 836 751)
4(412 299 835 752)
4(413 298 834 753)
4(414 297 833 754)
4(415 296 832 755)
4(416 295 831 756)
4(417 294 830 757)
4(418 293 829 758)
4(419 292 828 759)
4(420 291 827 760)
4(421 290 826 761)
4(422 289 825 762)
4(423 288 824 763)
4(424 287 823 764)
4(425 286 822 765)
4(426 285 821 766)
4(427 284 820 767)
4(428 283 819 768)
4(429 282 818 769)
4(430 281 817 770)
4(431 280 816 771)
4(432 279 815 772)
4(433 278 814 773)
4(434 277 813 774)
4(435 276 812 775)
4(436 275 811 776)
4(437 274 810 777)
4(438 273 809 778)
4(439 272 808 779)
4(440 271 807 780)
4(441 270 806 781)
4(442 269 805 782)
4(443 268 804 783)
4(444 267 803 784)
4(445 266 802 785)
4(446 265 801 786)
4(447 264 800 787)
4(448 263 799 788)
4(449 262 798 789)
4(450 261 797 790)
4(451 260 796 791)
4(452 259 795 792)
4(453 258 794 793)
4(4 8 649 211)
4(0 16 454 9)
4(4 211 16 0)
4(8 9 454 649)
4(211 649 648 210)
4(16 17 455 454)
4(211 210 17 16)
4(649 454 455 648)
4(210 648 647 209)
4(17 18 456 455)
4(210 209 18 17)
4(648 455 456 647)
4(209 647 646 208)
4(18 19 457 456)
4(209 208 19 18)
4(647 456 457 646)
4(208 646 645 207)
4(19 20 458 457)
4(208 207 20 19)
4(646 457 458 645)
4(207 645 644 206)
4(20 21 459 458)
4(207 206 21 20)
4(645 458 459 644)
4(206 644 643 205)
4(21 22 460 459)
4(206 205 22 21)
4(644 459 460 643)
4(205 643 642 204)
4(22 23 461 460)
4(205 204 23 22)
4(643 460 461 642)
4(204 642 641 203)
4(23 24 462 461)
4(204 203 24 23)
4(642 461 462 641)
4(203 641 640 202)
4(24 25 463 462)
4(203 202 25 24)
4(641 462 463 640)
4(202 640 639 201)
4(25 26 464 463)
4(202 201 26 25)
4(640 463 464 639)
4(201 639 638 200)
4(26 27 465 464)
4(201 200 27 26)
4(639 464 465 638)
4(200 638 637 199)
4(27 28 466 465)
4(200 199 28 27)
4(638 465 466 637)
4(199 637 636 198)
4(28 29 467 466)
4(199 198 29 28)
4(637 466 467 636)
4(198 636 635 197)
4(29 30 468 467)
4(198 197 30 29)
4(636 467 468 635)
4(197 635 634 196)
4(30 31 469 468)
4(197 196 31 30)
4(635 468 469 634)
4(196 634 633 195)
4(31 32 470 469)
4(196 195 32 31)
4(634 469 470 633)
4(195 633 632 194)
4(32 33 471 470)
4(195 194 33 32)
4(633 470 471 632)
4(194 632 631 193)
4(33 34 472 471)
4(194 193 34 33)
4(632 471 472 631)
4(193 631 630 192)
4(34 35 473 472)
4(193 192 35 34)
4(631 472 473 630)
4(192 630 629 191)
4(35 36 474 473)
4(192 191 36 35)
4(630 473 474 629)
4(191 629 628 190)
4(36 37 475 474)
4(191 190 37 36)
4(629 474 475 628)
4(190 628 627 189)
4(37 38 476 475)
4(190 189 38 37)
4(628 475 476 627)
4(189 627 626 188)
4(38 39 477 476)
4(189 188 39 38)
4(627 476 477 626)
4(188 626 625 187)
4(39 40 478 477)
4(188 187 40 39)
4(626 477 478 625)
4(187 625 624 186)
4(40 41 479 478)
4(187 186 41 40)
4(625 478 479 624)
4(186 624 623 185)
4(41 42 480 479)
4(186 185 42 41)
4(624 479 480 623)
4(185 623 622 184)
4(42 43 481 480)
4(185 184 43 42)
4(623 480 481 622)
4(184 622 621 183)
4(43 44 482 481)
4(184 183 44 43)
4(622 481 482 621)
4(183 621 620 182)
4(44 45 483 482)
4(183 182 45 44)
4(621 482 483 620)
4(182 620 619 181)
4(45 46 484 483)
4(182 181 46 45)
4(620 483 484 619)
4(181 619 618 180)
4(46 47 485 484)
4(181 180 47 46)
4(619 484 485 618)
4(180 618 617 179)
4(47 48 486 485)
4(180 179 48 47)
4(618 485 486 617)
4(179 617 616 178)
4(48 49 487 486)
4(179 178 49 48)
4(617 486 487 616)
4(178 616 615 177)
4(49 50 488 487)
4(178 177 50 49)
4(616 487 488 615)
4(177 615 614 176)
4(50 51 489 488)
4(177 176 51 50)
4(615 488 489 614)
4(176 614 613 175)
4(51 52 490 489)
4(176 175 52 51)
4(614 489 490 613)
4(175 613 612 174)
4(52 53 491 490)
4(175 174 53 52)
4(613 490 491 612)
4(174 612 611 173)
4(53 54 492 491)
4(174 173 54 53)
4(612 491 492 611)
4(173 611 610 172)
4(54 55 493 492)
4(173 172 55 54)
4(611 492 493 610)
4(172 610 609 171)
4(55 56 494 493)
4(172 171 56 55)
4(610 493 494 609)
4(171 609 608 170)
4(56 57 495 494)
4(171 170 57 56)
4(609 494 495 608)
4(170 608 607 169)
4(57 58 496 495)
4(170 169 58 57)
4(608 495 496 607)
4(169 607 606 168)
4(58 59 497 496)
4(169 168 59 58)
4(607 496 497 606)
4(168 606 605 167)
4(59 60 498 497)
4(168 167 60 59)
4(606 497 498 605)
4(167 605 604 166)
4(60 61 499 498)
4(167 166 61 60)
4(605 498 499 604)
4(166 604 603 165)
4(61 62 500 499)
4(166 165 62 61)
4(604 499 500 603)
4(165 603 602 164)
4(62 63 501 500)
4(165 164 63 62)
4(603 500 501 602)
4(164 602 601 163)
4(63 64 502 501)
4(164 163 64 63)
4(602 501 502 601)
4(163 601 600 162)
4(64 65 503 502)
4(163 162 65 64)
4(601 502 503 600)
4(162 600 599 161)
4(65 66 504 503)
4(162 161 66 65)
4(600 503 504 599)
4(161 599 598 160)
4(66 67 505 504)
4(161 160 67 66)
4(599 504 505 598)
4(160 598 597 159)
4(67 68 506 505)
4(160 159 68 67)
4(598 505 506 597)
4(159 597 596 158)
4(68 69 507 506)
4(159 158 69 68)
4(597 506 507 596)
4(158 596 595 157)
4(69 70 508 507)
4(158 157 70 69)
4(596 507 508 595)
4(157 595 594 156)
4(70 71 509 508)
4(157 156 71 70)
4(595 508 509 594)
4(156 594 593 155)
4(71 72 510 509)
4(156 155 72 71)
4(594 509 510 593)
4(155 593 592 154)
4(72 73 511 510)
4(155 154 73 72)
4(593 510 511 592)
4(154 592 591 153)
4(73 74 512 511)
4(154 153 74 73)
4(592 511 512 591)
4(153 591 590 152)
4(74 75 513 512)
4(153 152 75 74)
4(591 512 513 590)
4(152 590 589 151)
4(75 76 514 513)
4(152 151 76 75)
4(590 513 514 589)
4(151 589 588 150)
4(76 77 515 514)
4(151 150 77 76)
4(589 514 515 588)
4(150 588 587 149)
4(77 78 516 515)
4(150 149 78 77)
4(588 515 516 587)
4(149 587 586 148)
4(78 79 517 516)
4(149 148 79 78)
4(587 516 517 586)
4(148 586 585 147)
4(79 80 518 517)
4(148 147 80 79)
4(586 517 518 585)
4(147 585 584 146)
4(80 81 519 518)
4(147 146 81 80)
4(585 518 519 584)
4(146 584 583 145)
4(81 82 520 519)
4(146 145 82 81)
4(584 519 520 583)
4(145 583 582 144)
4(82 83 521 520)
4(145 144 83 82)
4(583 520 521 582)
4(144 582 581 143)
4(83 84 522 521)
4(144 143 84 83)
4(582 521 522 581)
4(143 581 580 142)
4(84 85 523 522)
4(143 142 85 84)
4(581 522 523 580)
4(142 580 579 141)
4(85 86 524 523)
4(142 141 86 85)
4(580 523 524 579)
4(141 579 578 140)
4(86 87 525 524)
4(141 140 87 86)
4(579 524 525 578)
4(140 578 577 139)
4(87 88 526 525)
4(140 139 88 87)
4(578 525 526 577)
4(139 577 576 138)
4(88 89 527 526)
4(139 138 89 88)
4(577 526 527 576)
4(138 576 575 137)
4(89 90 528 527)
4(138 137 90 89)
4(576 527 528 575)
4(137 575 574 136)
4(90 91 529 528)
4(137 136 91 90)
4(575 528 529 574)
4(136 574 573 135)
4(91 92 530 529)
4(136 135 92 91)
4(574 529 530 573)
4(135 573 572 134)
4(92 93 531 530)
4(135 134 93 92)
4(573 530 531 572)
4(134 572 571 133)
4(93 94 532 531)
4(134 133 94 93)
4(572 531 532 571)
4(133 571 570 132)
4(94 95 533 532)
4(133 132 95 94)
4(571 532 533 570)
4(132 570 569 131)
4(95 96 534 533)
4(132 131 96 95)
4(570 533 534 569)
4(131 569 568 130)
4(96 97 535 534)
4(131 130 97 96)
4(569 534 535 568)
4(130 568 567 129)
4(97 98 536 535)
4(130 129 98 97)
4(568 535 536 567)
4(129 567 566 128)
4(98 99 537 536)
4(129 128 99 98)
4(567 536 537 566)
4(128 566 565 127)
4(99 100 538 537)
4(128 127 100 99)
4(566 537 538 565)
4(127 565 564 126)
4(100 101 539 538)
4(127 126 101 100)
4(565 538 539 564)
4(126 564 563 125)
4(101 102 540 539)
4(126 125 102 101)
4(564 539 540 563)
4(125 563 562 124)
4(102 103 541 540)
4(125 124 103 102)
4(563 540 541 562)
4(124 562 561 123)
4(103 104 542 541)
4(124 123 104 103)
4(562 541 542 561)
4(123 561 560 122)
4(104 105 543 542)
4(123 122 105 104)
4(561 542 543 560)
4(122 560 559 121)
4(105 106 544 543)
4(122 121 106 105)
4(560 543 544 559)
4(121 559 558 120)
4(106 107 545 544)
4(121 120 107 106)
4(559 544 545 558)
4(120 558 557 119)
4(107 108 546 545)
4(120 119 108 107)
4(558 545 546 557)
4(119 557 556 118)
4(108 109 547 546)
4(119 118 109 108)
4(557 546 547 556)
4(118 556 555 117)
4(109 110 548 547)
4(118 117 110 109)
4(556 547 548 555)
4(117 555 554 116)
4(110 111 549 548)
4(117 116 111 110)
4(555 548 549 554)
4(116 554 553 115)
4(111 112 550 549)
4(116 115 112 111)
4(554 549 550 553)
4(115 553 552 114)
4(112 113 551 550)
4(115 114 113 112)
4(553 550 551 552)
4(114 552 11 5)
4(113 1 10 551)
4(114 5 1 113)
4(552 551 10 11)
4(1 235 650 10)
4(5 11 695 212)
4(1 5 212 235)
4(10 650 695 11)
4(235 236 651 650)
4(212 695 694 213)
4(235 212 213 236)
4(650 651 694 695)
4(236 237 652 651)
4(213 694 693 214)
4(236 213 214 237)
4(651 652 693 694)
4(237 238 653 652)
4(214 693 692 215)
4(237 214 215 238)
4(652 653 692 693)
4(238 239 654 653)
4(215 692 691 216)
4(238 215 216 239)
4(653 654 691 692)
4(239 240 655 654)
4(216 691 690 217)
4(239 216 217 240)
4(654 655 690 691)
4(240 241 656 655)
4(217 690 689 218)
4(240 217 218 241)
4(655 656 689 690)
4(241 242 657 656)
4(218 689 688 219)
4(241 218 219 242)
4(656 657 688 689)
4(242 243 658 657)
4(219 688 687 220)
4(242 219 220 243)
4(657 658 687 688)
4(243 244 659 658)
4(220 687 686 221)
4(243 220 221 244)
4(658 659 686 687)
4(244 245 660 659)
4(221 686 685 222)
4(244 221 222 245)
4(659 660 685 686)
4(245 246 661 660)
4(222 685 684 223)
4(245 222 223 246)
4(660 661 684 685)
4(246 247 662 661)
4(223 684 683 224)
4(246 223 224 247)
4(661 662 683 684)
4(247 248 663 662)
4(224 683 682 225)
4(247 224 225 248)
4(662 663 682 683)
4(248 249 664 663)
4(225 682 681 226)
4(248 225 226 249)
4(663 664 681 682)
4(249 250 665 664)
4(226 681 680 227)
4(249 226 227 250)
4(664 665 680 681)
4(250 251 666 665)
4(227 680 679 228)
4(250 227 228 251)
4(665 666 679 680)
4(251 252 667 666)
4(228 679 678 229)
4(251 228 229 252)
4(666 667 678 679)
4(252 253 668 667)
4(229 678 677 230)
4(252 229 230 253)
4(667 668 677 678)
4(253 254 669 668)
4(230 677 676 231)
4(253 230 231 254)
4(668 669 676 677)
4(254 255 670 669)
4(231 676 675 232)
4(254 231 232 255)
4(669 670 675 676)
4(255 256 671 670)
4(232 675 674 233)
4(255 232 233 256)
4(670 671 674 675)
4(256 257 672 671)
4(233 674 673 234)
4(256 233 234 257)
4(671 672 673 674)
4(257 2 12 672)
4(234 673 13 6)
4(257 234 6 2)
4(672 12 13 673)
4(7 356 696 14)
4(3 15 891 355)
4(7 3 355 356)
4(14 696 891 15)
4(356 357 697 696)
4(355 891 890 354)
4(356 355 354 357)
4(696 697 890 891)
4(357 358 698 697)
4(354 890 889 353)
4(357 354 353 358)
4(697 698 889 890)
4(358 359 699 698)
4(353 889 888 352)
4(358 353 352 359)
4(698 699 888 889)
4(359 360 700 699)
4(352 888 887 351)
4(359 352 351 360)
4(699 700 887 888)
4(360 361 701 700)
4(351 887 886 350)
4(360 351 350 361)
4(700 701 886 887)
4(361 362 702 701)
4(350 886 885 349)
4(361 350 349 362)
4(701 702 885 886)
4(362 363 703 702)
4(349 885 884 348)
4(362 349 348 363)
4(702 703 884 885)
4(363 364 704 703)
4(348 884 883 347)
4(363 348 347 364)
4(703 704 883 884)
4(364 365 705 704)
4(347 883 882 346)
4(364 347 346 365)
4(704 705 882 883)
4(365 366 706 705)
4(346 882 881 345)
4(365 346 345 366)
4(705 706 881 882)
4(366 367 707 706)
4(345 881 880 344)
4(366 345 344 367)
4(706 707 880 881)
4(367 368 708 707)
4(344 880 879 343)
4(367 344 343 368)
4(707 708 879 880)
4(368 369 709 708)
4(343 879 878 342)
4(368 343 342 369)
4(708 709 878 879)
4(369 370 710 709)
4(342 878 877 341)
4(369 342 341 370)
4(709 710 877 878)
4(370 371 711 710)
4(341 877 876 340)
4(370 341 340 371)
4(710 711 876 877)
4(371 372 712 711)
4(340 876 875 339)
4(371 340 339 372)
4(711 712 875 876)
4(372 373 713 712)
4(339 875 874 338)
4(372 339 338 373)
4(712 713 874 875)
4(373 374 714 713)
4(338 874 873 337)
4(373 338 337 374)
4(713 714 873 874)
4(374 375 715 714)
4(337 873 872 336)
4(374 337 336 375)
4(714 715 872 873)
4(375 376 716 715)
4(336 872 871 335)
4(375 336 335 376)
4(715 716 871 872)
4(376 377 717 716)
4(335 871 870 334)
4(376 335 334 377)
4(716 717 870 871)
4(377 378 718 717)
4(334 870 869 333)
4(377 334 333 378)
4(717 718 869 870)
4(378 379 719 718)
4(333 869 868 332)
4(378 333 332 379)
4(718 719 868 869)
4(379 380 720 719)
4(332 868 867 331)
4(379 332 331 380)
4(719 720 867 868)
4(380 381 721 720)
4(331 867 866 330)
4(380 331 330 381)
4(720 721 866 867)
4(381 382 722 721)
4(330 866 865 329)
4(381 330 329 382)
4(721 722 865 866)
4(382 383 723 722)
4(329 865 864 328)
4(382 329 328 383)
4(722 723 864 865)
4(383 384 724 723)
4(328 864 863 327)
4(383 328 327 384)
4(723 724 863 864)
4(384 385 725 724)
4(327 863 862 326)
4(384 327 326 385)
4(724 725 862 863)
4(385 386 726 725)
4(326 862 861 325)
4(385 326 325 386)
4(725 726 861 862)
4(386 387 727 726)
4(325 861 860 324)
4(386 325 324 387)
4(726 727 860 861)
4(387 388 728 727)
4(324 860 859 323)
4(387 324 323 388)
4(727 728 859 860)
4(388 389 729 728)
4(323 859 858 322)
4(388 323 322 389)
4(728 729 858 859)
4(389 390 730 729)
4(322 858 857 321)
4(389 322 321 390)
4(729 730 857 858)
4(390 391 731 730)
4(321 857 856 320)
4(390 321 320 391)
4(730 731 856 857)
4(391 392 732 731)
4(320 856 855 319)
4(391 320 319 392)
4(731 732 855 856)
4(392 393 733 732)
4(319 855 854 318)
4(392 319 318 393)
4(732 733 854 855)
4(393 394 734 733)
4(318 854 853 317)
4(393 318 317 394)
4(733 734 853 854)
4(394 395 735 734)
4(317 853 852 316)
4(394 317 316 395)
4(734 735 852 853)
4(395 396 736 735)
4(316 852 851 315)
4(395 316 315 396)
4(735 736 851 852)
4(396 397 737 736)
4(315 851 850 314)
4(396 315 314 397)
4(736 737 850 851)
4(397 398 738 737)
4(314 850 849 313)
4(397 314 313 398)
4(737 738 849 850)
4(398 399 739 738)
4(313 849 848 312)
4(398 313 312 399)
4(738 739 848 849)
4(399 400 740 739)
4(312 848 847 311)
4(399 312 311 400)
4(739 740 847 848)
4(400 401 741 740)
4(311 847 846 310)
4(400 311 310 401)
4(740 741 846 847)
4(401 402 742 741)
4(310 846 845 309)
4(401 310 309 402)
4(741 742 845 846)
4(402 403 743 742)
4(309 845 844 308)
4(402 309 308 403)
4(742 743 844 845)
4(403 404 744 743)
4(308 844 843 307)
4(403 308 307 404)
4(743 744 843 844)
4(404 405 745 744)
4(307 843 842 306)
4(404 307 306 405)
4(744 745 842 843)
4(405 406 746 745)
4(306 842 841 305)
4(405 306 305 406)
4(745 746 841 842)
4(406 407 747 746)
4(305 841 840 304)
4(406 305 304 407)
4(746 747 840 841)
4(407 408 748 747)
4(304 840 839 303)
4(407 304 303 408)
4(747 748 839 840)
4(408 409 749 748)
4(303 839 838 302)
4(408 303 302 409)
4(748 749 838 839)
4(409 410 750 749)
4(302 838 837 301)
4(409 302 301 410)
4(749 750 837 838)
4(410 411 751 750)
4(301 837 836 300)
4(410 301 300 411)
4(750 751 836 837)
4(411 412 752 751)
4(300 836 835 299)
4(411 300 299 412)
4(751 752 835 836)
4(412 413 753 752)
4(299 835 834 298)
4(412 299 298 413)
4(752 753 834 835)
4(413 414 754 753)
4(298 834 833 297)
4(413 298 297 414)
4(753 754 833 834)
4(414 415 755 754)
4(297 833 832 296)
4(414 297 296 415)
4(754 755 832 833)
4(415 416 756 755)
4(296 832 831 295)
4(415 296 295 416)
4(755 756 831 832)
4(416 417 757 756)
4(295 831 830 294)
4(416 295 294 417)
4(756 757 830 831)
4(417 418 758 757)
4(294 830 829 293)
4(417 294 293 418)
4(757 758 829 830)
4(418 419 759 758)
4(293 829 828 292)
4(418 293 292 419)
4(758 759 828 829)
4(419 420 760 759)
4(292 828 827 291)
4(419 292 291 420)
4(759 760 827 828)
4(420 421 761 760)
4(291 827 826 290)
4(420 291 290 421)
4(760 761 826 827)
4(421 422 762 761)
4(290 826 825 289)
4(421 290 289 422)
4(761 762 825 826)
4(422 423 763 762)
4(289 825 824 288)
4(422 289 288 423)
4(762 763 824 825)
4(423 424 764 763)
4(288 824 823 287)
4(423 288 287 424)
4(763 764 823 824)
4(424 425 765 764)
4(287 823 822 286)
4(424 287 286 425)
4(764 765 822 823)
4(425 426 766 765)
4(286 822 821 285)
4(425 286 285 426)
4(765 766 821 822)
4(426 427 767 766)
4(285 821 820 284)
4(426 285 284 427)
4(766 767 820 821)
4(427 428 768 767)
4(284 820 819 283)
4(427 284 283 428)
4(767 768 819 820)
4(428 429 769 768)
4(283 819 818 282)
4(428 283 282 429)
4(768 769 818 819)
4(429 430 770 769)
4(282 818 817 281)
4(429 282 281 430)
4(769 770 817 818)
4(430 431 771 770)
4(281 817 816 280)
4(430 281 280 431)
4(770 771 816 817)
4(431 432 772 771)
4(280 816 815 279)
4(431 280 279 432)
4(771 772 815 816)
4(432 433 773 772)
4(279 815 814 278)
4(432 279 278 433)
4(772 773 814 815)
4(433 434 774 773)
4(278 814 813 277)
4(433 278 277 434)
4(773 774 813 814)
4(434 435 775 774)
4(277 813 812 276)
4(434 277 276 435)
4(774 775 812 813)
4(435 436 776 775)
4(276 812 811 275)
4(435 276 275 436)
4(775 776 811 812)
4(436 437 777 776)
4(275 811 810 274)
4(436 275 274 437)
4(776 777 810 811)
4(437 438 778 777)
4(274 810 809 273)
4(437 274 273 438)
4(777 778 809 810)
4(438 439 779 778)
4(273 809 808 272)
4(438 273 272 439)
4(778 779 808 809)
4(439 440 780 779)
4(272 808 807 271)
4(439 272 271 440)
4(779 780 807 808)
4(440 441 781 780)
4(271 807 806 270)
4(440 271 270 441)
4(780 781 806 807)
4(441 442 782 781)
4(270 806 805 269)
4(441 270 269 442)
4(781 782 805 806)
4(442 443 783 782)
4(269 805 804 268)
4(442 269 268 443)
4(782 783 804 805)
4(443 444 784 783)
4(268 804 803 267)
4(443 268 267 444)
4(783 784 803 804)
4(444 445 785 784)
4(267 803 802 266)
4(444 267 266 445)
4(784 785 802 803)
4(445 446 786 785)
4(266 802 801 265)
4(445 266 265 446)
4(785 786 801 802)
4(446 447 787 786)
4(265 801 800 264)
4(446 265 264 447)
4(786 787 800 801)
4(447 448 788 787)
4(264 800 799 263)
4(447 264 263 448)
4(787 788 799 800)
4(448 449 789 788)
4(263 799 798 262)
4(448 263 262 449)
4(788 789 798 799)
4(449 450 790 789)
4(262 798 797 261)
4(449 262 261 450)
4(789 790 797 798)
4(450 451 791 790)
4(261 797 796 260)
4(450 261 260 451)
4(790 791 796 797)
4(451 452 792 791)
4(260 796 795 259)
4(451 260 259 452)
4(791 792 795 796)
4(452 453 793 792)
4(259 795 794 258)
4(452 259 258 453)
4(792 793 794 795)
4(453 6 13 793)
4(258 794 12 2)
4(453 258 2 6)
4(793 13 12 794)
4(4 0 9 8)
4(7 14 15 3)
)


// ************************************************************************* //
