/*--------------------------------*- C++ -*----------------------------------*\
| =========                 |                                                 |
| \\      /  F ield         | foam-extend: Open Source CFD                    |
|  \\    /   O peration     | Version:     4.0                                |
|   \\  /    A nd           | Web:         http://www.foam-extend.org         |
|    \\/     M anipulation  |                                                 |
\*---------------------------------------------------------------------------*/
FoamFile
{
    version     2.0;
    format      ascii;
    class       vectorField;
    location    "constant/polyMesh";
    object      points;
}
// * * * * * * * * * * * * * * * * * * * * * * * * * * * * * * * * * * * * * //


892
(
(0 0 0)
(0.0004 0 0)
(0.0016 0 0)
(0.002 0 0)
(0 0.0314 0)
(0.0004 0.0314 0)
(0.0016 0.0314 0)
(0.002 0.0314 0)
(0 0.0314 0.01)
(0 0 0.01)
(0.0004 0 0.01)
(0.0004 0.0314 0.01)
(0.0016 0 0.01)
(0.0016 0.0314 0.01)
(0.002 0.0314 0.01)
(0.002 0 0.01)
(4.04040404e-06 0 0)
(8.080808081e-06 0 0)
(1.212121212e-05 0 0)
(1.616161616e-05 0 0)
(2.02020202e-05 0 0)
(2.424242424e-05 0 0)
(2.828282828e-05 0 0)
(3.232323232e-05 0 0)
(3.636363636e-05 0 0)
(4.04040404e-05 0 0)
(4.444444444e-05 0 0)
(4.848484848e-05 0 0)
(5.252525253e-05 0 0)
(5.656565657e-05 0 0)
(6.060606061e-05 0 0)
(6.464646465e-05 0 0)
(6.868686869e-05 0 0)
(7.272727273e-05 0 0)
(7.676767677e-05 0 0)
(8.080808081e-05 0 0)
(8.484848485e-05 0 0)
(8.888888889e-05 0 0)
(9.292929293e-05 0 0)
(9.696969697e-05 0 0)
(0.000101010101 0 0)
(0.0001050505051 0 0)
(0.0001090909091 0 0)
(0.0001131313131 0 0)
(0.0001171717172 0 0)
(0.0001212121212 0 0)
(0.0001252525253 0 0)
(0.0001292929293 0 0)
(0.0001333333333 0 0)
(0.0001373737374 0 0)
(0.0001414141414 0 0)
(0.0001454545455 0 0)
(0.0001494949495 0 0)
(0.0001535353535 0 0)
(0.0001575757576 0 0)
(0.0001616161616 0 0)
(0.0001656565657 0 0)
(0.0001696969697 0 0)
(0.0001737373737 0 0)
(0.0001777777778 0 0)
(0.0001818181818 0 0)
(0.0001858585859 0 0)
(0.0001898989899 0 0)
(0.0001939393939 0 0)
(0.000197979798 0 0)
(0.000202020202 0 0)
(0.0002060606061 0 0)
(0.0002101010101 0 0)
(0.0002141414141 0 0)
(0.0002181818182 0 0)
(0.0002222222222 0 0)
(0.0002262626263 0 0)
(0.0002303030303 0 0)
(0.0002343434343 0 0)
(0.0002383838384 0 0)
(0.0002424242424 0 0)
(0.0002464646465 0 0)
(0.0002505050505 0 0)
(0.0002545454545 0 0)
(0.0002585858586 0 0)
(0.0002626262626 0 0)
(0.0002666666667 0 0)
(0.0002707070707 0 0)
(0.0002747474747 0 0)
(0.0002787878788 0 0)
(0.0002828282828 0 0)
(0.0002868686869 0 0)
(0.0002909090909 0 0)
(0.0002949494949 0 0)
(0.000298989899 0 0)
(0.000303030303 0 0)
(0.0003070707071 0 0)
(0.0003111111111 0 0)
(0.0003151515152 0 0)
(0.0003191919192 0 0)
(0.0003232323232 0 0)
(0.0003272727273 0 0)
(0.0003313131313 0 0)
(0.0003353535354 0 0)
(0.0003393939394 0 0)
(0.0003434343434 0 0)
(0.0003474747475 0 0)
(0.0003515151515 0 0)
(0.0003555555556 0 0)
(0.0003595959596 0 0)
(0.0003636363636 0 0)
(0.0003676767677 0 0)
(0.0003717171717 0 0)
(0.0003757575758 0 0)
(0.0003797979798 0 0)
(0.0003838383838 0 0)
(0.0003878787879 0 0)
(0.0003919191919 0 0)
(0.000395959596 0 0)
(0.000395959596 0.0314 0)
(0.0003919191919 0.0314 0)
(0.0003878787879 0.0314 0)
(0.0003838383838 0.0314 0)
(0.0003797979798 0.0314 0)
(0.0003757575758 0.0314 0)
(0.0003717171717 0.0314 0)
(0.0003676767677 0.0314 0)
(0.0003636363636 0.0314 0)
(0.0003595959596 0.0314 0)
(0.0003555555556 0.0314 0)
(0.0003515151515 0.0314 0)
(0.0003474747475 0.0314 0)
(0.0003434343434 0.0314 0)
(0.0003393939394 0.0314 0)
(0.0003353535354 0.0314 0)
(0.0003313131313 0.0314 0)
(0.0003272727273 0.0314 0)
(0.0003232323232 0.0314 0)
(0.0003191919192 0.0314 0)
(0.0003151515152 0.0314 0)
(0.0003111111111 0.0314 0)
(0.0003070707071 0.0314 0)
(0.000303030303 0.0314 0)
(0.000298989899 0.0314 0)
(0.0002949494949 0.0314 0)
(0.0002909090909 0.0314 0)
(0.0002868686869 0.0314 0)
(0.0002828282828 0.0314 0)
(0.0002787878788 0.0314 0)
(0.0002747474747 0.0314 0)
(0.0002707070707 0.0314 0)
(0.0002666666667 0.0314 0)
(0.0002626262626 0.0314 0)
(0.0002585858586 0.0314 0)
(0.0002545454545 0.0314 0)
(0.0002505050505 0.0314 0)
(0.0002464646465 0.0314 0)
(0.0002424242424 0.0314 0)
(0.0002383838384 0.0314 0)
(0.0002343434343 0.0314 0)
(0.0002303030303 0.0314 0)
(0.0002262626263 0.0314 0)
(0.0002222222222 0.0314 0)
(0.0002181818182 0.0314 0)
(0.0002141414141 0.0314 0)
(0.0002101010101 0.0314 0)
(0.0002060606061 0.0314 0)
(0.000202020202 0.0314 0)
(0.000197979798 0.0314 0)
(0.0001939393939 0.0314 0)
(0.0001898989899 0.0314 0)
(0.0001858585859 0.0314 0)
(0.0001818181818 0.0314 0)
(0.0001777777778 0.0314 0)
(0.0001737373737 0.0314 0)
(0.0001696969697 0.0314 0)
(0.0001656565657 0.0314 0)
(0.0001616161616 0.0314 0)
(0.0001575757576 0.0314 0)
(0.0001535353535 0.0314 0)
(0.0001494949495 0.0314 0)
(0.0001454545455 0.0314 0)
(0.0001414141414 0.0314 0)
(0.0001373737374 0.0314 0)
(0.0001333333333 0.0314 0)
(0.0001292929293 0.0314 0)
(0.0001252525253 0.0314 0)
(0.0001212121212 0.0314 0)
(0.0001171717172 0.0314 0)
(0.0001131313131 0.0314 0)
(0.0001090909091 0.0314 0)
(0.0001050505051 0.0314 0)
(0.000101010101 0.0314 0)
(9.696969697e-05 0.0314 0)
(9.292929293e-05 0.0314 0)
(8.888888889e-05 0.0314 0)
(8.484848485e-05 0.0314 0)
(8.080808081e-05 0.0314 0)
(7.676767677e-05 0.0314 0)
(7.272727273e-05 0.0314 0)
(6.868686869e-05 0.0314 0)
(6.464646465e-05 0.0314 0)
(6.060606061e-05 0.0314 0)
(5.656565657e-05 0.0314 0)
(5.252525253e-05 0.0314 0)
(4.848484848e-05 0.0314 0)
(4.444444444e-05 0.0314 0)
(4.04040404e-05 0.0314 0)
(3.636363636e-05 0.0314 0)
(3.232323232e-05 0.0314 0)
(2.828282828e-05 0.0314 0)
(2.424242424e-05 0.0314 0)
(2.02020202e-05 0.0314 0)
(1.616161616e-05 0.0314 0)
(1.212121212e-05 0.0314 0)
(8.080808081e-06 0.0314 0)
(4.04040404e-06 0.0314 0)
(0.00045 0.0314 0)
(0.0005 0.0314 0)
(0.00055 0.0314 0)
(0.0006 0.0314 0)
(0.00065 0.0314 0)
(0.0007 0.0314 0)
(0.00075 0.0314 0)
(0.0008 0.0314 0)
(0.00085 0.0314 0)
(0.0009 0.0314 0)
(0.00095 0.0314 0)
(0.001 0.0314 0)
(0.00105 0.0314 0)
(0.0011 0.0314 0)
(0.00115 0.0314 0)
(0.0012 0.0314 0)
(0.00125 0.0314 0)
(0.0013 0.0314 0)
(0.00135 0.0314 0)
(0.0014 0.0314 0)
(0.00145 0.0314 0)
(0.0015 0.0314 0)
(0.00155 0.0314 0)
(0.00045 0 0)
(0.0005 0 0)
(0.00055 0 0)
(0.0006 0 0)
(0.00065 0 0)
(0.0007 0 0)
(0.00075 0 0)
(0.0008 0 0)
(0.00085 0 0)
(0.0009 0 0)
(0.00095 0 0)
(0.001 0 0)
(0.00105 0 0)
(0.0011 0 0)
(0.00115 0 0)
(0.0012 0 0)
(0.00125 0 0)
(0.0013 0 0)
(0.00135 0 0)
(0.0014 0 0)
(0.00145 0 0)
(0.0015 0 0)
(0.00155 0 0)
(0.001604040404 0 0)
(0.001608080808 0 0)
(0.001612121212 0 0)
(0.001616161616 0 0)
(0.00162020202 0 0)
(0.001624242424 0 0)
(0.001628282828 0 0)
(0.001632323232 0 0)
(0.001636363636 0 0)
(0.00164040404 0 0)
(0.001644444444 0 0)
(0.001648484848 0 0)
(0.001652525253 0 0)
(0.001656565657 0 0)
(0.001660606061 0 0)
(0.001664646465 0 0)
(0.001668686869 0 0)
(0.001672727273 0 0)
(0.001676767677 0 0)
(0.001680808081 0 0)
(0.001684848485 0 0)
(0.001688888889 0 0)
(0.001692929293 0 0)
(0.001696969697 0 0)
(0.001701010101 0 0)
(0.001705050505 0 0)
(0.001709090909 0 0)
(0.001713131313 0 0)
(0.001717171717 0 0)
(0.001721212121 0 0)
(0.001725252525 0 0)
(0.001729292929 0 0)
(0.001733333333 0 0)
(0.001737373737 0 0)
(0.001741414141 0 0)
(0.001745454545 0 0)
(0.001749494949 0 0)
(0.001753535354 0 0)
(0.001757575758 0 0)
(0.001761616162 0 0)
(0.001765656566 0 0)
(0.00176969697 0 0)
(0.001773737374 0 0)
(0.001777777778 0 0)
(0.001781818182 0 0)
(0.001785858586 0 0)
(0.00178989899 0 0)
(0.001793939394 0 0)
(0.001797979798 0 0)
(0.001802020202 0 0)
(0.001806060606 0 0)
(0.00181010101 0 0)
(0.001814141414 0 0)
(0.001818181818 0 0)
(0.001822222222 0 0)
(0.001826262626 0 0)
(0.00183030303 0 0)
(0.001834343434 0 0)
(0.001838383838 0 0)
(0.001842424242 0 0)
(0.001846464646 0 0)
(0.001850505051 0 0)
(0.001854545455 0 0)
(0.001858585859 0 0)
(0.001862626263 0 0)
(0.001866666667 0 0)
(0.001870707071 0 0)
(0.001874747475 0 0)
(0.001878787879 0 0)
(0.001882828283 0 0)
(0.001886868687 0 0)
(0.001890909091 0 0)
(0.001894949495 0 0)
(0.001898989899 0 0)
(0.001903030303 0 0)
(0.001907070707 0 0)
(0.001911111111 0 0)
(0.001915151515 0 0)
(0.001919191919 0 0)
(0.001923232323 0 0)
(0.001927272727 0 0)
(0.001931313131 0 0)
(0.001935353535 0 0)
(0.001939393939 0 0)
(0.001943434343 0 0)
(0.001947474747 0 0)
(0.001951515152 0 0)
(0.001955555556 0 0)
(0.00195959596 0 0)
(0.001963636364 0 0)
(0.001967676768 0 0)
(0.001971717172 0 0)
(0.001975757576 0 0)
(0.00197979798 0 0)
(0.001983838384 0 0)
(0.001987878788 0 0)
(0.001991919192 0 0)
(0.001995959596 0 0)
(0.001995959596 0.0314 0)
(0.001991919192 0.0314 0)
(0.001987878788 0.0314 0)
(0.001983838384 0.0314 0)
(0.00197979798 0.0314 0)
(0.001975757576 0.0314 0)
(0.001971717172 0.0314 0)
(0.001967676768 0.0314 0)
(0.001963636364 0.0314 0)
(0.00195959596 0.0314 0)
(0.001955555556 0.0314 0)
(0.001951515152 0.0314 0)
(0.001947474747 0.0314 0)
(0.001943434343 0.0314 0)
(0.001939393939 0.0314 0)
(0.001935353535 0.0314 0)
(0.001931313131 0.0314 0)
(0.001927272727 0.0314 0)
(0.001923232323 0.0314 0)
(0.001919191919 0.0314 0)
(0.001915151515 0.0314 0)
(0.001911111111 0.0314 0)
(0.001907070707 0.0314 0)
(0.001903030303 0.0314 0)
(0.001898989899 0.0314 0)
(0.001894949495 0.0314 0)
(0.001890909091 0.0314 0)
(0.001886868687 0.0314 0)
(0.001882828283 0.0314 0)
(0.001878787879 0.0314 0)
(0.001874747475 0.0314 0)
(0.001870707071 0.0314 0)
(0.001866666667 0.0314 0)
(0.001862626263 0.0314 0)
(0.001858585859 0.0314 0)
(0.001854545455 0.0314 0)
(0.001850505051 0.0314 0)
(0.001846464646 0.0314 0)
(0.001842424242 0.0314 0)
(0.001838383838 0.0314 0)
(0.001834343434 0.0314 0)
(0.00183030303 0.0314 0)
(0.001826262626 0.0314 0)
(0.001822222222 0.0314 0)
(0.001818181818 0.0314 0)
(0.001814141414 0.0314 0)
(0.00181010101 0.0314 0)
(0.001806060606 0.0314 0)
(0.001802020202 0.0314 0)
(0.001797979798 0.0314 0)
(0.001793939394 0.0314 0)
(0.00178989899 0.0314 0)
(0.001785858586 0.0314 0)
(0.001781818182 0.0314 0)
(0.001777777778 0.0314 0)
(0.001773737374 0.0314 0)
(0.00176969697 0.0314 0)
(0.001765656566 0.0314 0)
(0.001761616162 0.0314 0)
(0.001757575758 0.0314 0)
(0.001753535354 0.0314 0)
(0.001749494949 0.0314 0)
(0.001745454545 0.0314 0)
(0.001741414141 0.0314 0)
(0.001737373737 0.0314 0)
(0.001733333333 0.0314 0)
(0.001729292929 0.0314 0)
(0.001725252525 0.0314 0)
(0.001721212121 0.0314 0)
(0.001717171717 0.0314 0)
(0.001713131313 0.0314 0)
(0.001709090909 0.0314 0)
(0.001705050505 0.0314 0)
(0.001701010101 0.0314 0)
(0.001696969697 0.0314 0)
(0.001692929293 0.0314 0)
(0.001688888889 0.0314 0)
(0.001684848485 0.0314 0)
(0.001680808081 0.0314 0)
(0.001676767677 0.0314 0)
(0.001672727273 0.0314 0)
(0.001668686869 0.0314 0)
(0.001664646465 0.0314 0)
(0.001660606061 0.0314 0)
(0.001656565657 0.0314 0)
(0.001652525253 0.0314 0)
(0.001648484848 0.0314 0)
(0.001644444444 0.0314 0)
(0.00164040404 0.0314 0)
(0.001636363636 0.0314 0)
(0.001632323232 0.0314 0)
(0.001628282828 0.0314 0)
(0.001624242424 0.0314 0)
(0.00162020202 0.0314 0)
(0.001616161616 0.0314 0)
(0.001612121212 0.0314 0)
(0.001608080808 0.0314 0)
(0.001604040404 0.0314 0)
(4.04040404e-06 0 0.01)
(8.080808081e-06 0 0.01)
(1.212121212e-05 0 0.01)
(1.616161616e-05 0 0.01)
(2.02020202e-05 0 0.01)
(2.424242424e-05 0 0.01)
(2.828282828e-05 0 0.01)
(3.232323232e-05 0 0.01)
(3.636363636e-05 0 0.01)
(4.04040404e-05 0 0.01)
(4.444444444e-05 0 0.01)
(4.848484848e-05 0 0.01)
(5.252525253e-05 0 0.01)
(5.656565657e-05 0 0.01)
(6.060606061e-05 0 0.01)
(6.464646465e-05 0 0.01)
(6.868686869e-05 0 0.01)
(7.272727273e-05 0 0.01)
(7.676767677e-05 0 0.01)
(8.080808081e-05 0 0.01)
(8.484848485e-05 0 0.01)
(8.888888889e-05 0 0.01)
(9.292929293e-05 0 0.01)
(9.696969697e-05 0 0.01)
(0.000101010101 0 0.01)
(0.0001050505051 0 0.01)
(0.0001090909091 0 0.01)
(0.0001131313131 0 0.01)
(0.0001171717172 0 0.01)
(0.0001212121212 0 0.01)
(0.0001252525253 0 0.01)
(0.0001292929293 0 0.01)
(0.0001333333333 0 0.01)
(0.0001373737374 0 0.01)
(0.0001414141414 0 0.01)
(0.0001454545455 0 0.01)
(0.0001494949495 0 0.01)
(0.0001535353535 0 0.01)
(0.0001575757576 0 0.01)
(0.0001616161616 0 0.01)
(0.0001656565657 0 0.01)
(0.0001696969697 0 0.01)
(0.0001737373737 0 0.01)
(0.0001777777778 0 0.01)
(0.0001818181818 0 0.01)
(0.0001858585859 0 0.01)
(0.0001898989899 0 0.01)
(0.0001939393939 0 0.01)
(0.000197979798 0 0.01)
(0.000202020202 0 0.01)
(0.0002060606061 0 0.01)
(0.0002101010101 0 0.01)
(0.0002141414141 0 0.01)
(0.0002181818182 0 0.01)
(0.0002222222222 0 0.01)
(0.0002262626263 0 0.01)
(0.0002303030303 0 0.01)
(0.0002343434343 0 0.01)
(0.0002383838384 0 0.01)
(0.0002424242424 0 0.01)
(0.0002464646465 0 0.01)
(0.0002505050505 0 0.01)
(0.0002545454545 0 0.01)
(0.0002585858586 0 0.01)
(0.0002626262626 0 0.01)
(0.0002666666667 0 0.01)
(0.0002707070707 0 0.01)
(0.0002747474747 0 0.01)
(0.0002787878788 0 0.01)
(0.0002828282828 0 0.01)
(0.0002868686869 0 0.01)
(0.0002909090909 0 0.01)
(0.0002949494949 0 0.01)
(0.000298989899 0 0.01)
(0.000303030303 0 0.01)
(0.0003070707071 0 0.01)
(0.0003111111111 0 0.01)
(0.0003151515152 0 0.01)
(0.0003191919192 0 0.01)
(0.0003232323232 0 0.01)
(0.0003272727273 0 0.01)
(0.0003313131313 0 0.01)
(0.0003353535354 0 0.01)
(0.0003393939394 0 0.01)
(0.0003434343434 0 0.01)
(0.0003474747475 0 0.01)
(0.0003515151515 0 0.01)
(0.0003555555556 0 0.01)
(0.0003595959596 0 0.01)
(0.0003636363636 0 0.01)
(0.0003676767677 0 0.01)
(0.0003717171717 0 0.01)
(0.0003757575758 0 0.01)
(0.0003797979798 0 0.01)
(0.0003838383838 0 0.01)
(0.0003878787879 0 0.01)
(0.0003919191919 0 0.01)
(0.000395959596 0 0.01)
(0.000395959596 0.0314 0.01)
(0.0003919191919 0.0314 0.01)
(0.0003878787879 0.0314 0.01)
(0.0003838383838 0.0314 0.01)
(0.0003797979798 0.0314 0.01)
(0.0003757575758 0.0314 0.01)
(0.0003717171717 0.0314 0.01)
(0.0003676767677 0.0314 0.01)
(0.0003636363636 0.0314 0.01)
(0.0003595959596 0.0314 0.01)
(0.0003555555556 0.0314 0.01)
(0.0003515151515 0.0314 0.01)
(0.0003474747475 0.0314 0.01)
(0.0003434343434 0.0314 0.01)
(0.0003393939394 0.0314 0.01)
(0.0003353535354 0.0314 0.01)
(0.0003313131313 0.0314 0.01)
(0.0003272727273 0.0314 0.01)
(0.0003232323232 0.0314 0.01)
(0.0003191919192 0.0314 0.01)
(0.0003151515152 0.0314 0.01)
(0.0003111111111 0.0314 0.01)
(0.0003070707071 0.0314 0.01)
(0.000303030303 0.0314 0.01)
(0.000298989899 0.0314 0.01)
(0.0002949494949 0.0314 0.01)
(0.0002909090909 0.0314 0.01)
(0.0002868686869 0.0314 0.01)
(0.0002828282828 0.0314 0.01)
(0.0002787878788 0.0314 0.01)
(0.0002747474747 0.0314 0.01)
(0.0002707070707 0.0314 0.01)
(0.0002666666667 0.0314 0.01)
(0.0002626262626 0.0314 0.01)
(0.0002585858586 0.0314 0.01)
(0.0002545454545 0.0314 0.01)
(0.0002505050505 0.0314 0.01)
(0.0002464646465 0.0314 0.01)
(0.0002424242424 0.0314 0.01)
(0.0002383838384 0.0314 0.01)
(0.0002343434343 0.0314 0.01)
(0.0002303030303 0.0314 0.01)
(0.0002262626263 0.0314 0.01)
(0.0002222222222 0.0314 0.01)
(0.0002181818182 0.0314 0.01)
(0.0002141414141 0.0314 0.01)
(0.0002101010101 0.0314 0.01)
(0.0002060606061 0.0314 0.01)
(0.000202020202 0.0314 0.01)
(0.000197979798 0.0314 0.01)
(0.0001939393939 0.0314 0.01)
(0.0001898989899 0.0314 0.01)
(0.0001858585859 0.0314 0.01)
(0.0001818181818 0.0314 0.01)
(0.0001777777778 0.0314 0.01)
(0.0001737373737 0.0314 0.01)
(0.0001696969697 0.0314 0.01)
(0.0001656565657 0.0314 0.01)
(0.0001616161616 0.0314 0.01)
(0.0001575757576 0.0314 0.01)
(0.0001535353535 0.0314 0.01)
(0.0001494949495 0.0314 0.01)
(0.0001454545455 0.0314 0.01)
(0.0001414141414 0.0314 0.01)
(0.0001373737374 0.0314 0.01)
(0.0001333333333 0.0314 0.01)
(0.0001292929293 0.0314 0.01)
(0.0001252525253 0.0314 0.01)
(0.0001212121212 0.0314 0.01)
(0.0001171717172 0.0314 0.01)
(0.0001131313131 0.0314 0.01)
(0.0001090909091 0.0314 0.01)
(0.0001050505051 0.0314 0.01)
(0.000101010101 0.0314 0.01)
(9.696969697e-05 0.0314 0.01)
(9.292929293e-05 0.0314 0.01)
(8.888888889e-05 0.0314 0.01)
(8.484848485e-05 0.0314 0.01)
(8.080808081e-05 0.0314 0.01)
(7.676767677e-05 0.0314 0.01)
(7.272727273e-05 0.0314 0.01)
(6.868686869e-05 0.0314 0.01)
(6.464646465e-05 0.0314 0.01)
(6.060606061e-05 0.0314 0.01)
(5.656565657e-05 0.0314 0.01)
(5.252525253e-05 0.0314 0.01)
(4.848484848e-05 0.0314 0.01)
(4.444444444e-05 0.0314 0.01)
(4.04040404e-05 0.0314 0.01)
(3.636363636e-05 0.0314 0.01)
(3.232323232e-05 0.0314 0.01)
(2.828282828e-05 0.0314 0.01)
(2.424242424e-05 0.0314 0.01)
(2.02020202e-05 0.0314 0.01)
(1.616161616e-05 0.0314 0.01)
(1.212121212e-05 0.0314 0.01)
(8.080808081e-06 0.0314 0.01)
(4.04040404e-06 0.0314 0.01)
(0.00045 0 0.01)
(0.0005 0 0.01)
(0.00055 0 0.01)
(0.0006 0 0.01)
(0.00065 0 0.01)
(0.0007 0 0.01)
(0.00075 0 0.01)
(0.0008 0 0.01)
(0.00085 0 0.01)
(0.0009 0 0.01)
(0.00095 0 0.01)
(0.001 0 0.01)
(0.00105 0 0.01)
(0.0011 0 0.01)
(0.00115 0 0.01)
(0.0012 0 0.01)
(0.00125 0 0.01)
(0.0013 0 0.01)
(0.00135 0 0.01)
(0.0014 0 0.01)
(0.00145 0 0.01)
(0.0015 0 0.01)
(0.00155 0 0.01)
(0.00155 0.0314 0.01)
(0.0015 0.0314 0.01)
(0.00145 0.0314 0.01)
(0.0014 0.0314 0.01)
(0.00135 0.0314 0.01)
(0.0013 0.0314 0.01)
(0.00125 0.0314 0.01)
(0.0012 0.0314 0.01)
(0.00115 0.0314 0.01)
(0.0011 0.0314 0.01)
(0.00105 0.0314 0.01)
(0.001 0.0314 0.01)
(0.00095 0.0314 0.01)
(0.0009 0.0314 0.01)
(0.00085 0.0314 0.01)
(0.0008 0.0314 0.01)
(0.00075 0.0314 0.01)
(0.0007 0.0314 0.01)
(0.00065 0.0314 0.01)
(0.0006 0.0314 0.01)
(0.00055 0.0314 0.01)
(0.0005 0.0314 0.01)
(0.00045 0.0314 0.01)
(0.001995959596 0.0314 0.01)
(0.001991919192 0.0314 0.01)
(0.001987878788 0.0314 0.01)
(0.001983838384 0.0314 0.01)
(0.00197979798 0.0314 0.01)
(0.001975757576 0.0314 0.01)
(0.001971717172 0.0314 0.01)
(0.001967676768 0.0314 0.01)
(0.001963636364 0.0314 0.01)
(0.00195959596 0.0314 0.01)
(0.001955555556 0.0314 0.01)
(0.001951515152 0.0314 0.01)
(0.001947474747 0.0314 0.01)
(0.001943434343 0.0314 0.01)
(0.001939393939 0.0314 0.01)
(0.001935353535 0.0314 0.01)
(0.001931313131 0.0314 0.01)
(0.001927272727 0.0314 0.01)
(0.001923232323 0.0314 0.01)
(0.001919191919 0.0314 0.01)
(0.001915151515 0.0314 0.01)
(0.001911111111 0.0314 0.01)
(0.001907070707 0.0314 0.01)
(0.001903030303 0.0314 0.01)
(0.001898989899 0.0314 0.01)
(0.001894949495 0.0314 0.01)
(0.001890909091 0.0314 0.01)
(0.001886868687 0.0314 0.01)
(0.001882828283 0.0314 0.01)
(0.001878787879 0.0314 0.01)
(0.001874747475 0.0314 0.01)
(0.001870707071 0.0314 0.01)
(0.001866666667 0.0314 0.01)
(0.001862626263 0.0314 0.01)
(0.001858585859 0.0314 0.01)
(0.001854545455 0.0314 0.01)
(0.001850505051 0.0314 0.01)
(0.001846464646 0.0314 0.01)
(0.001842424242 0.0314 0.01)
(0.001838383838 0.0314 0.01)
(0.001834343434 0.0314 0.01)
(0.00183030303 0.0314 0.01)
(0.001826262626 0.0314 0.01)
(0.001822222222 0.0314 0.01)
(0.001818181818 0.0314 0.01)
(0.001814141414 0.0314 0.01)
(0.00181010101 0.0314 0.01)
(0.001806060606 0.0314 0.01)
(0.001802020202 0.0314 0.01)
(0.001797979798 0.0314 0.01)
(0.001793939394 0.0314 0.01)
(0.00178989899 0.0314 0.01)
(0.001785858586 0.0314 0.01)
(0.001781818182 0.0314 0.01)
(0.001777777778 0.0314 0.01)
(0.001773737374 0.0314 0.01)
(0.00176969697 0.0314 0.01)
(0.001765656566 0.0314 0.01)
(0.001761616162 0.0314 0.01)
(0.001757575758 0.0314 0.01)
(0.001753535354 0.0314 0.01)
(0.001749494949 0.0314 0.01)
(0.001745454545 0.0314 0.01)
(0.001741414141 0.0314 0.01)
(0.001737373737 0.0314 0.01)
(0.001733333333 0.0314 0.01)
(0.001729292929 0.0314 0.01)
(0.001725252525 0.0314 0.01)
(0.001721212121 0.0314 0.01)
(0.001717171717 0.0314 0.01)
(0.001713131313 0.0314 0.01)
(0.001709090909 0.0314 0.01)
(0.001705050505 0.0314 0.01)
(0.001701010101 0.0314 0.01)
(0.001696969697 0.0314 0.01)
(0.001692929293 0.0314 0.01)
(0.001688888889 0.0314 0.01)
(0.001684848485 0.0314 0.01)
(0.001680808081 0.0314 0.01)
(0.001676767677 0.0314 0.01)
(0.001672727273 0.0314 0.01)
(0.001668686869 0.0314 0.01)
(0.001664646465 0.0314 0.01)
(0.001660606061 0.0314 0.01)
(0.001656565657 0.0314 0.01)
(0.001652525253 0.0314 0.01)
(0.001648484848 0.0314 0.01)
(0.001644444444 0.0314 0.01)
(0.00164040404 0.0314 0.01)
(0.001636363636 0.0314 0.01)
(0.001632323232 0.0314 0.01)
(0.001628282828 0.0314 0.01)
(0.001624242424 0.0314 0.01)
(0.00162020202 0.0314 0.01)
(0.001616161616 0.0314 0.01)
(0.001612121212 0.0314 0.01)
(0.001608080808 0.0314 0.01)
(0.001604040404 0.0314 0.01)
(0.001604040404 0 0.01)
(0.001608080808 0 0.01)
(0.001612121212 0 0.01)
(0.001616161616 0 0.01)
(0.00162020202 0 0.01)
(0.001624242424 0 0.01)
(0.001628282828 0 0.01)
(0.001632323232 0 0.01)
(0.001636363636 0 0.01)
(0.00164040404 0 0.01)
(0.001644444444 0 0.01)
(0.001648484848 0 0.01)
(0.001652525253 0 0.01)
(0.001656565657 0 0.01)
(0.001660606061 0 0.01)
(0.001664646465 0 0.01)
(0.001668686869 0 0.01)
(0.001672727273 0 0.01)
(0.001676767677 0 0.01)
(0.001680808081 0 0.01)
(0.001684848485 0 0.01)
(0.001688888889 0 0.01)
(0.001692929293 0 0.01)
(0.001696969697 0 0.01)
(0.001701010101 0 0.01)
(0.001705050505 0 0.01)
(0.001709090909 0 0.01)
(0.001713131313 0 0.01)
(0.001717171717 0 0.01)
(0.001721212121 0 0.01)
(0.001725252525 0 0.01)
(0.001729292929 0 0.01)
(0.001733333333 0 0.01)
(0.001737373737 0 0.01)
(0.001741414141 0 0.01)
(0.001745454545 0 0.01)
(0.001749494949 0 0.01)
(0.001753535354 0 0.01)
(0.001757575758 0 0.01)
(0.001761616162 0 0.01)
(0.001765656566 0 0.01)
(0.00176969697 0 0.01)
(0.001773737374 0 0.01)
(0.001777777778 0 0.01)
(0.001781818182 0 0.01)
(0.001785858586 0 0.01)
(0.00178989899 0 0.01)
(0.001793939394 0 0.01)
(0.001797979798 0 0.01)
(0.001802020202 0 0.01)
(0.001806060606 0 0.01)
(0.00181010101 0 0.01)
(0.001814141414 0 0.01)
(0.001818181818 0 0.01)
(0.001822222222 0 0.01)
(0.001826262626 0 0.01)
(0.00183030303 0 0.01)
(0.001834343434 0 0.01)
(0.001838383838 0 0.01)
(0.001842424242 0 0.01)
(0.001846464646 0 0.01)
(0.001850505051 0 0.01)
(0.001854545455 0 0.01)
(0.001858585859 0 0.01)
(0.001862626263 0 0.01)
(0.001866666667 0 0.01)
(0.001870707071 0 0.01)
(0.001874747475 0 0.01)
(0.001878787879 0 0.01)
(0.001882828283 0 0.01)
(0.001886868687 0 0.01)
(0.001890909091 0 0.01)
(0.001894949495 0 0.01)
(0.001898989899 0 0.01)
(0.001903030303 0 0.01)
(0.001907070707 0 0.01)
(0.001911111111 0 0.01)
(0.001915151515 0 0.01)
(0.001919191919 0 0.01)
(0.001923232323 0 0.01)
(0.001927272727 0 0.01)
(0.001931313131 0 0.01)
(0.001935353535 0 0.01)
(0.001939393939 0 0.01)
(0.001943434343 0 0.01)
(0.001947474747 0 0.01)
(0.001951515152 0 0.01)
(0.001955555556 0 0.01)
(0.00195959596 0 0.01)
(0.001963636364 0 0.01)
(0.001967676768 0 0.01)
(0.001971717172 0 0.01)
(0.001975757576 0 0.01)
(0.00197979798 0 0.01)
(0.001983838384 0 0.01)
(0.001987878788 0 0.01)
(0.001991919192 0 0.01)
(0.001995959596 0 0.01)
)


// ************************************************************************* //
