(
0.1000E-02 0.5280E+25
0.1173E-02 0.6377E+25
0.1376E-02 0.7996E+25
0.1614E-02 0.1032E+26
0.1894E-02 0.1351E+26
0.2221E-02 0.1763E+26
0.2606E-02 0.2258E+26
0.3057E-02 0.2796E+26
0.3586E-02 0.3321E+26
0.4207E-02 0.3779E+26
0.4935E-02 0.4130E+26
0.5789E-02 0.4365E+26
0.6791E-02 0.4495E+26
0.7966E-02 0.4537E+26
0.9345E-02 0.4515E+26
0.1096E-01 0.4447E+26
0.1286E-01 0.4346E+26
0.1509E-01 0.4224E+26
0.1770E-01 0.4085E+26
0.2076E-01 0.3937E+26
0.2435E-01 0.3781E+26
0.2857E-01 0.3624E+26
0.3351E-01 0.3467E+26
0.3931E-01 0.3311E+26
0.4611E-01 0.3158E+26
0.5410E-01 0.3008E+26
0.6346E-01 0.2862E+26
0.7444E-01 0.2719E+26
0.8733E-01 0.2580E+26
0.1024 0.2448E+26
0.1202 0.2322E+26
0.1410 0.2204E+26
0.1654 0.2090E+26
0.1940 0.1984E+26
0.2276 0.1884E+26
0.2669 0.1788E+26
0.3132 0.1701E+26
0.3674 0.1619E+26
0.4309 0.1543E+26
0.5055 0.1471E+26
0.5930 0.1406E+26
0.6956 0.1342E+26
0.8160 0.1280E+26
0.9573 0.1223E+26
1.123 0.1168E+26
1.317 0.1118E+26
1.545 0.1068E+26
1.813 0.1021E+26
2.127 0.9767E+25
2.495 0.9348E+25
2.926 0.8953E+25
3.433 0.8590E+25
4.027 0.8301E+25
4.724 0.8111E+25
5.542 0.8010E+25
6.501 0.7963E+25
7.626 0.7935E+25
8.946 0.7916E+25
10.49 0.7894E+25
12.31 0.7864E+25
14.44 0.7827E+25
16.94 0.7777E+25
19.87 0.7724E+25
23.31 0.7664E+25
27.35 0.7599E+25
32.08 0.7526E+25
37.63 0.7453E+25
44.14 0.7377E+25
51.78 0.7295E+25
60.75 0.7214E+25
71.26 0.7126E+25
83.60 0.7037E+25
98.06 0.6942E+25
115.0 0.6841E+25
134.9 0.6738E+25
158.3 0.6634E+25
185.7 0.6532E+25
217.8 0.6434E+25
255.5 0.6345E+25
299.8 0.6267E+25
351.7 0.6205E+25
412.5 0.6165E+25
483.9 0.6153E+25
567.7 0.6181E+25
665.9 0.6264E+25
781.2 0.6417E+25
916.4 0.6660E+25
1075. 0.7016E+25
1261. 0.7508E+25
1479. 0.8161E+25
1735. 0.8995E+25
2036. 0.1004E+26
2388. 0.1134E+26
2801. 0.1292E+26
3286. 0.1488E+26
3855. 0.1730E+26
4522. 0.2036E+26
5305. 0.2432E+26
6223. 0.2960E+26
7300. 0.3687E+26
)
