/*--------------------------------*- C++ -*----------------------------------*\
| =========                 |                                                 |
| \\      /  F ield         | foam-extend: Open Source CFD                    |
|  \\    /   O peration     | Version:     4.0                                |
|   \\  /    A nd           | Web:         http://www.foam-extend.org         |
|    \\/     M anipulation  |                                                 |
\*---------------------------------------------------------------------------*/
FoamFile
{
    version     2.0;
    format      ascii;
    class       faceList;
    location    "constant/polyMesh";
    object      faces;
}
// * * * * * * * * * * * * * * * * * * * * * * * * * * * * * * * * * * * * * //


201
(
4(2 84 85 3)
4(4 86 87 5)
4(6 88 89 7)
4(8 90 91 9)
4(10 92 93 11)
4(12 94 95 13)
4(14 96 97 15)
4(16 98 99 17)
4(18 100 101 19)
4(20 102 103 21)
4(22 104 105 23)
4(24 106 107 25)
4(26 108 109 27)
4(28 110 111 29)
4(30 112 113 31)
4(32 114 115 33)
4(34 116 117 35)
4(36 118 119 37)
4(38 120 121 39)
4(40 122 123 41)
4(42 124 125 43)
4(44 126 127 45)
4(46 128 129 47)
4(48 130 131 49)
4(50 132 133 51)
4(52 134 135 53)
4(54 136 137 55)
4(56 138 139 57)
4(58 140 141 59)
4(60 142 143 61)
4(62 144 145 63)
4(64 146 147 65)
4(66 148 149 67)
4(68 150 151 69)
4(70 152 153 71)
4(72 154 155 73)
4(74 156 157 75)
4(76 158 159 77)
4(78 160 161 79)
4(80 162 163 81)
4(0 1 83 82)
4(0 82 84 2)
4(2 84 86 4)
4(4 86 88 6)
4(6 88 90 8)
4(8 90 92 10)
4(10 92 94 12)
4(12 94 96 14)
4(14 96 98 16)
4(16 98 100 18)
4(18 100 102 20)
4(20 102 104 22)
4(22 104 106 24)
4(24 106 108 26)
4(26 108 110 28)
4(28 110 112 30)
4(30 112 114 32)
4(32 114 116 34)
4(34 116 118 36)
4(36 118 120 38)
4(38 120 122 40)
4(40 122 124 42)
4(42 124 126 44)
4(44 126 128 46)
4(46 128 130 48)
4(48 130 132 50)
4(50 132 134 52)
4(52 134 136 54)
4(54 136 138 56)
4(56 138 140 58)
4(58 140 142 60)
4(60 142 144 62)
4(62 144 146 64)
4(64 146 148 66)
4(66 148 150 68)
4(68 150 152 70)
4(70 152 154 72)
4(72 154 156 74)
4(74 156 158 76)
4(76 158 160 78)
4(78 160 162 80)
4(1 3 85 83)
4(3 5 87 85)
4(5 7 89 87)
4(7 9 91 89)
4(9 11 93 91)
4(11 13 95 93)
4(13 15 97 95)
4(15 17 99 97)
4(17 19 101 99)
4(19 21 103 101)
4(21 23 105 103)
4(23 25 107 105)
4(25 27 109 107)
4(27 29 111 109)
4(29 31 113 111)
4(31 33 115 113)
4(33 35 117 115)
4(35 37 119 117)
4(37 39 121 119)
4(39 41 123 121)
4(41 43 125 123)
4(43 45 127 125)
4(45 47 129 127)
4(47 49 131 129)
4(49 51 133 131)
4(51 53 135 133)
4(53 55 137 135)
4(55 57 139 137)
4(57 59 141 139)
4(59 61 143 141)
4(61 63 145 143)
4(63 65 147 145)
4(65 67 149 147)
4(67 69 151 149)
4(69 71 153 151)
4(71 73 155 153)
4(73 75 157 155)
4(75 77 159 157)
4(77 79 161 159)
4(79 81 163 161)
4(0 2 3 1)
4(2 4 5 3)
4(4 6 7 5)
4(6 8 9 7)
4(8 10 11 9)
4(10 12 13 11)
4(12 14 15 13)
4(14 16 17 15)
4(16 18 19 17)
4(18 20 21 19)
4(20 22 23 21)
4(22 24 25 23)
4(24 26 27 25)
4(26 28 29 27)
4(28 30 31 29)
4(30 32 33 31)
4(32 34 35 33)
4(34 36 37 35)
4(36 38 39 37)
4(38 40 41 39)
4(40 42 43 41)
4(42 44 45 43)
4(44 46 47 45)
4(46 48 49 47)
4(48 50 51 49)
4(50 52 53 51)
4(52 54 55 53)
4(54 56 57 55)
4(56 58 59 57)
4(58 60 61 59)
4(60 62 63 61)
4(62 64 65 63)
4(64 66 67 65)
4(66 68 69 67)
4(68 70 71 69)
4(70 72 73 71)
4(72 74 75 73)
4(74 76 77 75)
4(76 78 79 77)
4(78 80 81 79)
4(82 83 85 84)
4(84 85 87 86)
4(86 87 89 88)
4(88 89 91 90)
4(90 91 93 92)
4(92 93 95 94)
4(94 95 97 96)
4(96 97 99 98)
4(98 99 101 100)
4(100 101 103 102)
4(102 103 105 104)
4(104 105 107 106)
4(106 107 109 108)
4(108 109 111 110)
4(110 111 113 112)
4(112 113 115 114)
4(114 115 117 116)
4(116 117 119 118)
4(118 119 121 120)
4(120 121 123 122)
4(122 123 125 124)
4(124 125 127 126)
4(126 127 129 128)
4(128 129 131 130)
4(130 131 133 132)
4(132 133 135 134)
4(134 135 137 136)
4(136 137 139 138)
4(138 139 141 140)
4(140 141 143 142)
4(142 143 145 144)
4(144 145 147 146)
4(146 147 149 148)
4(148 149 151 150)
4(150 151 153 152)
4(152 153 155 154)
4(154 155 157 156)
4(156 157 159 158)
4(158 159 161 160)
4(160 161 163 162)
)


// ************************************************************************* //
