/*--------------------------------*- C++ -*----------------------------------*\
| =========                 |                                                 |
| \\      /  F ield         | foam-extend: Open Source CFD                    |
|  \\    /   O peration     | Version:     4.0                                |
|   \\  /    A nd           | Web:         http://www.foam-extend.org         |
|    \\/     M anipulation  |                                                 |
\*---------------------------------------------------------------------------*/
FoamFile
{
    version     2.0;
    format      ascii;
    class       vectorField;
    location    "constant/polyMesh";
    object      points;
}
// * * * * * * * * * * * * * * * * * * * * * * * * * * * * * * * * * * * * * //


4004
(
(0 0 0)
(0.0002 0 0)
(0 2e-07 0)
(0.0002 2e-07 0)
(0 4e-07 0)
(0.0002 4e-07 0)
(0 6e-07 0)
(0.0002 6e-07 0)
(0 8e-07 0)
(0.0002 8e-07 0)
(0 1e-06 0)
(0.0002 1e-06 0)
(0 1.2e-06 0)
(0.0002 1.2e-06 0)
(0 1.4e-06 0)
(0.0002 1.4e-06 0)
(0 1.6e-06 0)
(0.0002 1.6e-06 0)
(0 1.8e-06 0)
(0.0002 1.8e-06 0)
(0 2e-06 0)
(0.0002 2e-06 0)
(0 2.2e-06 0)
(0.0002 2.2e-06 0)
(0 2.4e-06 0)
(0.0002 2.4e-06 0)
(0 2.6e-06 0)
(0.0002 2.6e-06 0)
(0 2.8e-06 0)
(0.0002 2.8e-06 0)
(0 3e-06 0)
(0.0002 3e-06 0)
(0 3.2e-06 0)
(0.0002 3.2e-06 0)
(0 3.4e-06 0)
(0.0002 3.4e-06 0)
(0 3.6e-06 0)
(0.0002 3.6e-06 0)
(0 3.8e-06 0)
(0.0002 3.8e-06 0)
(0 4e-06 0)
(0.0002 4e-06 0)
(0 4.2e-06 0)
(0.0002 4.2e-06 0)
(0 4.4e-06 0)
(0.0002 4.4e-06 0)
(0 4.6e-06 0)
(0.0002 4.6e-06 0)
(0 4.8e-06 0)
(0.0002 4.8e-06 0)
(0 5e-06 0)
(0.0002 5e-06 0)
(0 5.2e-06 0)
(0.0002 5.2e-06 0)
(0 5.4e-06 0)
(0.0002 5.4e-06 0)
(0 5.6e-06 0)
(0.0002 5.6e-06 0)
(0 5.8e-06 0)
(0.0002 5.8e-06 0)
(0 6e-06 0)
(0.0002 6e-06 0)
(0 6.2e-06 0)
(0.0002 6.2e-06 0)
(0 6.4e-06 0)
(0.0002 6.4e-06 0)
(0 6.6e-06 0)
(0.0002 6.6e-06 0)
(0 6.8e-06 0)
(0.0002 6.8e-06 0)
(0 7e-06 0)
(0.0002 7e-06 0)
(0 7.2e-06 0)
(0.0002 7.2e-06 0)
(0 7.4e-06 0)
(0.0002 7.4e-06 0)
(0 7.6e-06 0)
(0.0002 7.6e-06 0)
(0 7.8e-06 0)
(0.0002 7.8e-06 0)
(0 8e-06 0)
(0.0002 8e-06 0)
(0 8.2e-06 0)
(0.0002 8.2e-06 0)
(0 8.4e-06 0)
(0.0002 8.4e-06 0)
(0 8.6e-06 0)
(0.0002 8.6e-06 0)
(0 8.8e-06 0)
(0.0002 8.8e-06 0)
(0 9e-06 0)
(0.0002 9e-06 0)
(0 9.2e-06 0)
(0.0002 9.2e-06 0)
(0 9.4e-06 0)
(0.0002 9.4e-06 0)
(0 9.6e-06 0)
(0.0002 9.6e-06 0)
(0 9.8e-06 0)
(0.0002 9.8e-06 0)
(0 1e-05 0)
(0.0002 1e-05 0)
(0 1.02e-05 0)
(0.0002 1.02e-05 0)
(0 1.04e-05 0)
(0.0002 1.04e-05 0)
(0 1.06e-05 0)
(0.0002 1.06e-05 0)
(0 1.08e-05 0)
(0.0002 1.08e-05 0)
(0 1.1e-05 0)
(0.0002 1.1e-05 0)
(0 1.12e-05 0)
(0.0002 1.12e-05 0)
(0 1.14e-05 0)
(0.0002 1.14e-05 0)
(0 1.16e-05 0)
(0.0002 1.16e-05 0)
(0 1.18e-05 0)
(0.0002 1.18e-05 0)
(0 1.2e-05 0)
(0.0002 1.2e-05 0)
(0 1.22e-05 0)
(0.0002 1.22e-05 0)
(0 1.24e-05 0)
(0.0002 1.24e-05 0)
(0 1.26e-05 0)
(0.0002 1.26e-05 0)
(0 1.28e-05 0)
(0.0002 1.28e-05 0)
(0 1.3e-05 0)
(0.0002 1.3e-05 0)
(0 1.32e-05 0)
(0.0002 1.32e-05 0)
(0 1.34e-05 0)
(0.0002 1.34e-05 0)
(0 1.36e-05 0)
(0.0002 1.36e-05 0)
(0 1.38e-05 0)
(0.0002 1.38e-05 0)
(0 1.4e-05 0)
(0.0002 1.4e-05 0)
(0 1.42e-05 0)
(0.0002 1.42e-05 0)
(0 1.44e-05 0)
(0.0002 1.44e-05 0)
(0 1.46e-05 0)
(0.0002 1.46e-05 0)
(0 1.48e-05 0)
(0.0002 1.48e-05 0)
(0 1.5e-05 0)
(0.0002 1.5e-05 0)
(0 1.52e-05 0)
(0.0002 1.52e-05 0)
(0 1.54e-05 0)
(0.0002 1.54e-05 0)
(0 1.56e-05 0)
(0.0002 1.56e-05 0)
(0 1.58e-05 0)
(0.0002 1.58e-05 0)
(0 1.6e-05 0)
(0.0002 1.6e-05 0)
(0 1.62e-05 0)
(0.0002 1.62e-05 0)
(0 1.64e-05 0)
(0.0002 1.64e-05 0)
(0 1.66e-05 0)
(0.0002 1.66e-05 0)
(0 1.68e-05 0)
(0.0002 1.68e-05 0)
(0 1.7e-05 0)
(0.0002 1.7e-05 0)
(0 1.72e-05 0)
(0.0002 1.72e-05 0)
(0 1.74e-05 0)
(0.0002 1.74e-05 0)
(0 1.76e-05 0)
(0.0002 1.76e-05 0)
(0 1.78e-05 0)
(0.0002 1.78e-05 0)
(0 1.8e-05 0)
(0.0002 1.8e-05 0)
(0 1.82e-05 0)
(0.0002 1.82e-05 0)
(0 1.84e-05 0)
(0.0002 1.84e-05 0)
(0 1.86e-05 0)
(0.0002 1.86e-05 0)
(0 1.88e-05 0)
(0.0002 1.88e-05 0)
(0 1.9e-05 0)
(0.0002 1.9e-05 0)
(0 1.92e-05 0)
(0.0002 1.92e-05 0)
(0 1.94e-05 0)
(0.0002 1.94e-05 0)
(0 1.96e-05 0)
(0.0002 1.96e-05 0)
(0 1.98e-05 0)
(0.0002 1.98e-05 0)
(0 2e-05 0)
(0.0002 2e-05 0)
(0 2.02e-05 0)
(0.0002 2.02e-05 0)
(0 2.04e-05 0)
(0.0002 2.04e-05 0)
(0 2.06e-05 0)
(0.0002 2.06e-05 0)
(0 2.08e-05 0)
(0.0002 2.08e-05 0)
(0 2.1e-05 0)
(0.0002 2.1e-05 0)
(0 2.12e-05 0)
(0.0002 2.12e-05 0)
(0 2.14e-05 0)
(0.0002 2.14e-05 0)
(0 2.16e-05 0)
(0.0002 2.16e-05 0)
(0 2.18e-05 0)
(0.0002 2.18e-05 0)
(0 2.2e-05 0)
(0.0002 2.2e-05 0)
(0 2.22e-05 0)
(0.0002 2.22e-05 0)
(0 2.24e-05 0)
(0.0002 2.24e-05 0)
(0 2.26e-05 0)
(0.0002 2.26e-05 0)
(0 2.28e-05 0)
(0.0002 2.28e-05 0)
(0 2.3e-05 0)
(0.0002 2.3e-05 0)
(0 2.32e-05 0)
(0.0002 2.32e-05 0)
(0 2.34e-05 0)
(0.0002 2.34e-05 0)
(0 2.36e-05 0)
(0.0002 2.36e-05 0)
(0 2.38e-05 0)
(0.0002 2.38e-05 0)
(0 2.4e-05 0)
(0.0002 2.4e-05 0)
(0 2.42e-05 0)
(0.0002 2.42e-05 0)
(0 2.44e-05 0)
(0.0002 2.44e-05 0)
(0 2.46e-05 0)
(0.0002 2.46e-05 0)
(0 2.48e-05 0)
(0.0002 2.48e-05 0)
(0 2.5e-05 0)
(0.0002 2.5e-05 0)
(0 2.52e-05 0)
(0.0002 2.52e-05 0)
(0 2.54e-05 0)
(0.0002 2.54e-05 0)
(0 2.56e-05 0)
(0.0002 2.56e-05 0)
(0 2.58e-05 0)
(0.0002 2.58e-05 0)
(0 2.6e-05 0)
(0.0002 2.6e-05 0)
(0 2.62e-05 0)
(0.0002 2.62e-05 0)
(0 2.64e-05 0)
(0.0002 2.64e-05 0)
(0 2.66e-05 0)
(0.0002 2.66e-05 0)
(0 2.68e-05 0)
(0.0002 2.68e-05 0)
(0 2.7e-05 0)
(0.0002 2.7e-05 0)
(0 2.72e-05 0)
(0.0002 2.72e-05 0)
(0 2.74e-05 0)
(0.0002 2.74e-05 0)
(0 2.76e-05 0)
(0.0002 2.76e-05 0)
(0 2.78e-05 0)
(0.0002 2.78e-05 0)
(0 2.8e-05 0)
(0.0002 2.8e-05 0)
(0 2.82e-05 0)
(0.0002 2.82e-05 0)
(0 2.84e-05 0)
(0.0002 2.84e-05 0)
(0 2.86e-05 0)
(0.0002 2.86e-05 0)
(0 2.88e-05 0)
(0.0002 2.88e-05 0)
(0 2.9e-05 0)
(0.0002 2.9e-05 0)
(0 2.92e-05 0)
(0.0002 2.92e-05 0)
(0 2.94e-05 0)
(0.0002 2.94e-05 0)
(0 2.96e-05 0)
(0.0002 2.96e-05 0)
(0 2.98e-05 0)
(0.0002 2.98e-05 0)
(0 3e-05 0)
(0.0002 3e-05 0)
(0 3.02e-05 0)
(0.0002 3.02e-05 0)
(0 3.04e-05 0)
(0.0002 3.04e-05 0)
(0 3.06e-05 0)
(0.0002 3.06e-05 0)
(0 3.08e-05 0)
(0.0002 3.08e-05 0)
(0 3.1e-05 0)
(0.0002 3.1e-05 0)
(0 3.12e-05 0)
(0.0002 3.12e-05 0)
(0 3.14e-05 0)
(0.0002 3.14e-05 0)
(0 3.16e-05 0)
(0.0002 3.16e-05 0)
(0 3.18e-05 0)
(0.0002 3.18e-05 0)
(0 3.2e-05 0)
(0.0002 3.2e-05 0)
(0 3.22e-05 0)
(0.0002 3.22e-05 0)
(0 3.24e-05 0)
(0.0002 3.24e-05 0)
(0 3.26e-05 0)
(0.0002 3.26e-05 0)
(0 3.28e-05 0)
(0.0002 3.28e-05 0)
(0 3.3e-05 0)
(0.0002 3.3e-05 0)
(0 3.32e-05 0)
(0.0002 3.32e-05 0)
(0 3.34e-05 0)
(0.0002 3.34e-05 0)
(0 3.36e-05 0)
(0.0002 3.36e-05 0)
(0 3.38e-05 0)
(0.0002 3.38e-05 0)
(0 3.4e-05 0)
(0.0002 3.4e-05 0)
(0 3.42e-05 0)
(0.0002 3.42e-05 0)
(0 3.44e-05 0)
(0.0002 3.44e-05 0)
(0 3.46e-05 0)
(0.0002 3.46e-05 0)
(0 3.48e-05 0)
(0.0002 3.48e-05 0)
(0 3.5e-05 0)
(0.0002 3.5e-05 0)
(0 3.52e-05 0)
(0.0002 3.52e-05 0)
(0 3.54e-05 0)
(0.0002 3.54e-05 0)
(0 3.56e-05 0)
(0.0002 3.56e-05 0)
(0 3.58e-05 0)
(0.0002 3.58e-05 0)
(0 3.6e-05 0)
(0.0002 3.6e-05 0)
(0 3.62e-05 0)
(0.0002 3.62e-05 0)
(0 3.64e-05 0)
(0.0002 3.64e-05 0)
(0 3.66e-05 0)
(0.0002 3.66e-05 0)
(0 3.68e-05 0)
(0.0002 3.68e-05 0)
(0 3.7e-05 0)
(0.0002 3.7e-05 0)
(0 3.72e-05 0)
(0.0002 3.72e-05 0)
(0 3.74e-05 0)
(0.0002 3.74e-05 0)
(0 3.76e-05 0)
(0.0002 3.76e-05 0)
(0 3.78e-05 0)
(0.0002 3.78e-05 0)
(0 3.8e-05 0)
(0.0002 3.8e-05 0)
(0 3.82e-05 0)
(0.0002 3.82e-05 0)
(0 3.84e-05 0)
(0.0002 3.84e-05 0)
(0 3.86e-05 0)
(0.0002 3.86e-05 0)
(0 3.88e-05 0)
(0.0002 3.88e-05 0)
(0 3.9e-05 0)
(0.0002 3.9e-05 0)
(0 3.92e-05 0)
(0.0002 3.92e-05 0)
(0 3.94e-05 0)
(0.0002 3.94e-05 0)
(0 3.96e-05 0)
(0.0002 3.96e-05 0)
(0 3.98e-05 0)
(0.0002 3.98e-05 0)
(0 4e-05 0)
(0.0002 4e-05 0)
(0 4.02e-05 0)
(0.0002 4.02e-05 0)
(0 4.04e-05 0)
(0.0002 4.04e-05 0)
(0 4.06e-05 0)
(0.0002 4.06e-05 0)
(0 4.08e-05 0)
(0.0002 4.08e-05 0)
(0 4.1e-05 0)
(0.0002 4.1e-05 0)
(0 4.12e-05 0)
(0.0002 4.12e-05 0)
(0 4.14e-05 0)
(0.0002 4.14e-05 0)
(0 4.16e-05 0)
(0.0002 4.16e-05 0)
(0 4.18e-05 0)
(0.0002 4.18e-05 0)
(0 4.2e-05 0)
(0.0002 4.2e-05 0)
(0 4.22e-05 0)
(0.0002 4.22e-05 0)
(0 4.24e-05 0)
(0.0002 4.24e-05 0)
(0 4.26e-05 0)
(0.0002 4.26e-05 0)
(0 4.28e-05 0)
(0.0002 4.28e-05 0)
(0 4.3e-05 0)
(0.0002 4.3e-05 0)
(0 4.32e-05 0)
(0.0002 4.32e-05 0)
(0 4.34e-05 0)
(0.0002 4.34e-05 0)
(0 4.36e-05 0)
(0.0002 4.36e-05 0)
(0 4.38e-05 0)
(0.0002 4.38e-05 0)
(0 4.4e-05 0)
(0.0002 4.4e-05 0)
(0 4.42e-05 0)
(0.0002 4.42e-05 0)
(0 4.44e-05 0)
(0.0002 4.44e-05 0)
(0 4.46e-05 0)
(0.0002 4.46e-05 0)
(0 4.48e-05 0)
(0.0002 4.48e-05 0)
(0 4.5e-05 0)
(0.0002 4.5e-05 0)
(0 4.52e-05 0)
(0.0002 4.52e-05 0)
(0 4.54e-05 0)
(0.0002 4.54e-05 0)
(0 4.56e-05 0)
(0.0002 4.56e-05 0)
(0 4.58e-05 0)
(0.0002 4.58e-05 0)
(0 4.6e-05 0)
(0.0002 4.6e-05 0)
(0 4.62e-05 0)
(0.0002 4.62e-05 0)
(0 4.64e-05 0)
(0.0002 4.64e-05 0)
(0 4.66e-05 0)
(0.0002 4.66e-05 0)
(0 4.68e-05 0)
(0.0002 4.68e-05 0)
(0 4.7e-05 0)
(0.0002 4.7e-05 0)
(0 4.72e-05 0)
(0.0002 4.72e-05 0)
(0 4.74e-05 0)
(0.0002 4.74e-05 0)
(0 4.76e-05 0)
(0.0002 4.76e-05 0)
(0 4.78e-05 0)
(0.0002 4.78e-05 0)
(0 4.8e-05 0)
(0.0002 4.8e-05 0)
(0 4.82e-05 0)
(0.0002 4.82e-05 0)
(0 4.84e-05 0)
(0.0002 4.84e-05 0)
(0 4.86e-05 0)
(0.0002 4.86e-05 0)
(0 4.88e-05 0)
(0.0002 4.88e-05 0)
(0 4.9e-05 0)
(0.0002 4.9e-05 0)
(0 4.92e-05 0)
(0.0002 4.92e-05 0)
(0 4.94e-05 0)
(0.0002 4.94e-05 0)
(0 4.96e-05 0)
(0.0002 4.96e-05 0)
(0 4.98e-05 0)
(0.0002 4.98e-05 0)
(0 5e-05 0)
(0.0002 5e-05 0)
(0 5.02e-05 0)
(0.0002 5.02e-05 0)
(0 5.04e-05 0)
(0.0002 5.04e-05 0)
(0 5.06e-05 0)
(0.0002 5.06e-05 0)
(0 5.08e-05 0)
(0.0002 5.08e-05 0)
(0 5.1e-05 0)
(0.0002 5.1e-05 0)
(0 5.12e-05 0)
(0.0002 5.12e-05 0)
(0 5.14e-05 0)
(0.0002 5.14e-05 0)
(0 5.16e-05 0)
(0.0002 5.16e-05 0)
(0 5.18e-05 0)
(0.0002 5.18e-05 0)
(0 5.2e-05 0)
(0.0002 5.2e-05 0)
(0 5.22e-05 0)
(0.0002 5.22e-05 0)
(0 5.24e-05 0)
(0.0002 5.24e-05 0)
(0 5.26e-05 0)
(0.0002 5.26e-05 0)
(0 5.28e-05 0)
(0.0002 5.28e-05 0)
(0 5.3e-05 0)
(0.0002 5.3e-05 0)
(0 5.32e-05 0)
(0.0002 5.32e-05 0)
(0 5.34e-05 0)
(0.0002 5.34e-05 0)
(0 5.36e-05 0)
(0.0002 5.36e-05 0)
(0 5.38e-05 0)
(0.0002 5.38e-05 0)
(0 5.4e-05 0)
(0.0002 5.4e-05 0)
(0 5.42e-05 0)
(0.0002 5.42e-05 0)
(0 5.44e-05 0)
(0.0002 5.44e-05 0)
(0 5.46e-05 0)
(0.0002 5.46e-05 0)
(0 5.48e-05 0)
(0.0002 5.48e-05 0)
(0 5.5e-05 0)
(0.0002 5.5e-05 0)
(0 5.52e-05 0)
(0.0002 5.52e-05 0)
(0 5.54e-05 0)
(0.0002 5.54e-05 0)
(0 5.56e-05 0)
(0.0002 5.56e-05 0)
(0 5.58e-05 0)
(0.0002 5.58e-05 0)
(0 5.6e-05 0)
(0.0002 5.6e-05 0)
(0 5.62e-05 0)
(0.0002 5.62e-05 0)
(0 5.64e-05 0)
(0.0002 5.64e-05 0)
(0 5.66e-05 0)
(0.0002 5.66e-05 0)
(0 5.68e-05 0)
(0.0002 5.68e-05 0)
(0 5.7e-05 0)
(0.0002 5.7e-05 0)
(0 5.72e-05 0)
(0.0002 5.72e-05 0)
(0 5.74e-05 0)
(0.0002 5.74e-05 0)
(0 5.76e-05 0)
(0.0002 5.76e-05 0)
(0 5.78e-05 0)
(0.0002 5.78e-05 0)
(0 5.8e-05 0)
(0.0002 5.8e-05 0)
(0 5.82e-05 0)
(0.0002 5.82e-05 0)
(0 5.84e-05 0)
(0.0002 5.84e-05 0)
(0 5.86e-05 0)
(0.0002 5.86e-05 0)
(0 5.88e-05 0)
(0.0002 5.88e-05 0)
(0 5.9e-05 0)
(0.0002 5.9e-05 0)
(0 5.92e-05 0)
(0.0002 5.92e-05 0)
(0 5.94e-05 0)
(0.0002 5.94e-05 0)
(0 5.96e-05 0)
(0.0002 5.96e-05 0)
(0 5.98e-05 0)
(0.0002 5.98e-05 0)
(0 6e-05 0)
(0.0002 6e-05 0)
(0 6.02e-05 0)
(0.0002 6.02e-05 0)
(0 6.04e-05 0)
(0.0002 6.04e-05 0)
(0 6.06e-05 0)
(0.0002 6.06e-05 0)
(0 6.08e-05 0)
(0.0002 6.08e-05 0)
(0 6.1e-05 0)
(0.0002 6.1e-05 0)
(0 6.12e-05 0)
(0.0002 6.12e-05 0)
(0 6.14e-05 0)
(0.0002 6.14e-05 0)
(0 6.16e-05 0)
(0.0002 6.16e-05 0)
(0 6.18e-05 0)
(0.0002 6.18e-05 0)
(0 6.2e-05 0)
(0.0002 6.2e-05 0)
(0 6.22e-05 0)
(0.0002 6.22e-05 0)
(0 6.24e-05 0)
(0.0002 6.24e-05 0)
(0 6.26e-05 0)
(0.0002 6.26e-05 0)
(0 6.28e-05 0)
(0.0002 6.28e-05 0)
(0 6.3e-05 0)
(0.0002 6.3e-05 0)
(0 6.32e-05 0)
(0.0002 6.32e-05 0)
(0 6.34e-05 0)
(0.0002 6.34e-05 0)
(0 6.36e-05 0)
(0.0002 6.36e-05 0)
(0 6.38e-05 0)
(0.0002 6.38e-05 0)
(0 6.4e-05 0)
(0.0002 6.4e-05 0)
(0 6.42e-05 0)
(0.0002 6.42e-05 0)
(0 6.44e-05 0)
(0.0002 6.44e-05 0)
(0 6.46e-05 0)
(0.0002 6.46e-05 0)
(0 6.48e-05 0)
(0.0002 6.48e-05 0)
(0 6.5e-05 0)
(0.0002 6.5e-05 0)
(0 6.52e-05 0)
(0.0002 6.52e-05 0)
(0 6.54e-05 0)
(0.0002 6.54e-05 0)
(0 6.56e-05 0)
(0.0002 6.56e-05 0)
(0 6.58e-05 0)
(0.0002 6.58e-05 0)
(0 6.6e-05 0)
(0.0002 6.6e-05 0)
(0 6.62e-05 0)
(0.0002 6.62e-05 0)
(0 6.64e-05 0)
(0.0002 6.64e-05 0)
(0 6.66e-05 0)
(0.0002 6.66e-05 0)
(0 6.68e-05 0)
(0.0002 6.68e-05 0)
(0 6.7e-05 0)
(0.0002 6.7e-05 0)
(0 6.72e-05 0)
(0.0002 6.72e-05 0)
(0 6.74e-05 0)
(0.0002 6.74e-05 0)
(0 6.76e-05 0)
(0.0002 6.76e-05 0)
(0 6.78e-05 0)
(0.0002 6.78e-05 0)
(0 6.8e-05 0)
(0.0002 6.8e-05 0)
(0 6.82e-05 0)
(0.0002 6.82e-05 0)
(0 6.84e-05 0)
(0.0002 6.84e-05 0)
(0 6.86e-05 0)
(0.0002 6.86e-05 0)
(0 6.88e-05 0)
(0.0002 6.88e-05 0)
(0 6.9e-05 0)
(0.0002 6.9e-05 0)
(0 6.92e-05 0)
(0.0002 6.92e-05 0)
(0 6.94e-05 0)
(0.0002 6.94e-05 0)
(0 6.96e-05 0)
(0.0002 6.96e-05 0)
(0 6.98e-05 0)
(0.0002 6.98e-05 0)
(0 7e-05 0)
(0.0002 7e-05 0)
(0 7.02e-05 0)
(0.0002 7.02e-05 0)
(0 7.04e-05 0)
(0.0002 7.04e-05 0)
(0 7.06e-05 0)
(0.0002 7.06e-05 0)
(0 7.08e-05 0)
(0.0002 7.08e-05 0)
(0 7.1e-05 0)
(0.0002 7.1e-05 0)
(0 7.12e-05 0)
(0.0002 7.12e-05 0)
(0 7.14e-05 0)
(0.0002 7.14e-05 0)
(0 7.16e-05 0)
(0.0002 7.16e-05 0)
(0 7.18e-05 0)
(0.0002 7.18e-05 0)
(0 7.2e-05 0)
(0.0002 7.2e-05 0)
(0 7.22e-05 0)
(0.0002 7.22e-05 0)
(0 7.24e-05 0)
(0.0002 7.24e-05 0)
(0 7.26e-05 0)
(0.0002 7.26e-05 0)
(0 7.28e-05 0)
(0.0002 7.28e-05 0)
(0 7.3e-05 0)
(0.0002 7.3e-05 0)
(0 7.32e-05 0)
(0.0002 7.32e-05 0)
(0 7.34e-05 0)
(0.0002 7.34e-05 0)
(0 7.36e-05 0)
(0.0002 7.36e-05 0)
(0 7.38e-05 0)
(0.0002 7.38e-05 0)
(0 7.4e-05 0)
(0.0002 7.4e-05 0)
(0 7.42e-05 0)
(0.0002 7.42e-05 0)
(0 7.44e-05 0)
(0.0002 7.44e-05 0)
(0 7.46e-05 0)
(0.0002 7.46e-05 0)
(0 7.48e-05 0)
(0.0002 7.48e-05 0)
(0 7.5e-05 0)
(0.0002 7.5e-05 0)
(0 7.52e-05 0)
(0.0002 7.52e-05 0)
(0 7.54e-05 0)
(0.0002 7.54e-05 0)
(0 7.56e-05 0)
(0.0002 7.56e-05 0)
(0 7.58e-05 0)
(0.0002 7.58e-05 0)
(0 7.6e-05 0)
(0.0002 7.6e-05 0)
(0 7.62e-05 0)
(0.0002 7.62e-05 0)
(0 7.64e-05 0)
(0.0002 7.64e-05 0)
(0 7.66e-05 0)
(0.0002 7.66e-05 0)
(0 7.68e-05 0)
(0.0002 7.68e-05 0)
(0 7.7e-05 0)
(0.0002 7.7e-05 0)
(0 7.72e-05 0)
(0.0002 7.72e-05 0)
(0 7.74e-05 0)
(0.0002 7.74e-05 0)
(0 7.76e-05 0)
(0.0002 7.76e-05 0)
(0 7.78e-05 0)
(0.0002 7.78e-05 0)
(0 7.8e-05 0)
(0.0002 7.8e-05 0)
(0 7.82e-05 0)
(0.0002 7.82e-05 0)
(0 7.84e-05 0)
(0.0002 7.84e-05 0)
(0 7.86e-05 0)
(0.0002 7.86e-05 0)
(0 7.88e-05 0)
(0.0002 7.88e-05 0)
(0 7.9e-05 0)
(0.0002 7.9e-05 0)
(0 7.92e-05 0)
(0.0002 7.92e-05 0)
(0 7.94e-05 0)
(0.0002 7.94e-05 0)
(0 7.96e-05 0)
(0.0002 7.96e-05 0)
(0 7.98e-05 0)
(0.0002 7.98e-05 0)
(0 8e-05 0)
(0.0002 8e-05 0)
(0 8.02e-05 0)
(0.0002 8.02e-05 0)
(0 8.04e-05 0)
(0.0002 8.04e-05 0)
(0 8.06e-05 0)
(0.0002 8.06e-05 0)
(0 8.08e-05 0)
(0.0002 8.08e-05 0)
(0 8.1e-05 0)
(0.0002 8.1e-05 0)
(0 8.12e-05 0)
(0.0002 8.12e-05 0)
(0 8.14e-05 0)
(0.0002 8.14e-05 0)
(0 8.16e-05 0)
(0.0002 8.16e-05 0)
(0 8.18e-05 0)
(0.0002 8.18e-05 0)
(0 8.2e-05 0)
(0.0002 8.2e-05 0)
(0 8.22e-05 0)
(0.0002 8.22e-05 0)
(0 8.24e-05 0)
(0.0002 8.24e-05 0)
(0 8.26e-05 0)
(0.0002 8.26e-05 0)
(0 8.28e-05 0)
(0.0002 8.28e-05 0)
(0 8.3e-05 0)
(0.0002 8.3e-05 0)
(0 8.32e-05 0)
(0.0002 8.32e-05 0)
(0 8.34e-05 0)
(0.0002 8.34e-05 0)
(0 8.36e-05 0)
(0.0002 8.36e-05 0)
(0 8.38e-05 0)
(0.0002 8.38e-05 0)
(0 8.4e-05 0)
(0.0002 8.4e-05 0)
(0 8.42e-05 0)
(0.0002 8.42e-05 0)
(0 8.44e-05 0)
(0.0002 8.44e-05 0)
(0 8.46e-05 0)
(0.0002 8.46e-05 0)
(0 8.48e-05 0)
(0.0002 8.48e-05 0)
(0 8.5e-05 0)
(0.0002 8.5e-05 0)
(0 8.52e-05 0)
(0.0002 8.52e-05 0)
(0 8.54e-05 0)
(0.0002 8.54e-05 0)
(0 8.56e-05 0)
(0.0002 8.56e-05 0)
(0 8.58e-05 0)
(0.0002 8.58e-05 0)
(0 8.6e-05 0)
(0.0002 8.6e-05 0)
(0 8.62e-05 0)
(0.0002 8.62e-05 0)
(0 8.64e-05 0)
(0.0002 8.64e-05 0)
(0 8.66e-05 0)
(0.0002 8.66e-05 0)
(0 8.68e-05 0)
(0.0002 8.68e-05 0)
(0 8.7e-05 0)
(0.0002 8.7e-05 0)
(0 8.72e-05 0)
(0.0002 8.72e-05 0)
(0 8.74e-05 0)
(0.0002 8.74e-05 0)
(0 8.76e-05 0)
(0.0002 8.76e-05 0)
(0 8.78e-05 0)
(0.0002 8.78e-05 0)
(0 8.8e-05 0)
(0.0002 8.8e-05 0)
(0 8.82e-05 0)
(0.0002 8.82e-05 0)
(0 8.84e-05 0)
(0.0002 8.84e-05 0)
(0 8.86e-05 0)
(0.0002 8.86e-05 0)
(0 8.88e-05 0)
(0.0002 8.88e-05 0)
(0 8.9e-05 0)
(0.0002 8.9e-05 0)
(0 8.92e-05 0)
(0.0002 8.92e-05 0)
(0 8.94e-05 0)
(0.0002 8.94e-05 0)
(0 8.96e-05 0)
(0.0002 8.96e-05 0)
(0 8.98e-05 0)
(0.0002 8.98e-05 0)
(0 9e-05 0)
(0.0002 9e-05 0)
(0 9.02e-05 0)
(0.0002 9.02e-05 0)
(0 9.04e-05 0)
(0.0002 9.04e-05 0)
(0 9.06e-05 0)
(0.0002 9.06e-05 0)
(0 9.08e-05 0)
(0.0002 9.08e-05 0)
(0 9.1e-05 0)
(0.0002 9.1e-05 0)
(0 9.12e-05 0)
(0.0002 9.12e-05 0)
(0 9.14e-05 0)
(0.0002 9.14e-05 0)
(0 9.16e-05 0)
(0.0002 9.16e-05 0)
(0 9.18e-05 0)
(0.0002 9.18e-05 0)
(0 9.2e-05 0)
(0.0002 9.2e-05 0)
(0 9.22e-05 0)
(0.0002 9.22e-05 0)
(0 9.24e-05 0)
(0.0002 9.24e-05 0)
(0 9.26e-05 0)
(0.0002 9.26e-05 0)
(0 9.28e-05 0)
(0.0002 9.28e-05 0)
(0 9.3e-05 0)
(0.0002 9.3e-05 0)
(0 9.32e-05 0)
(0.0002 9.32e-05 0)
(0 9.34e-05 0)
(0.0002 9.34e-05 0)
(0 9.36e-05 0)
(0.0002 9.36e-05 0)
(0 9.38e-05 0)
(0.0002 9.38e-05 0)
(0 9.4e-05 0)
(0.0002 9.4e-05 0)
(0 9.42e-05 0)
(0.0002 9.42e-05 0)
(0 9.44e-05 0)
(0.0002 9.44e-05 0)
(0 9.46e-05 0)
(0.0002 9.46e-05 0)
(0 9.48e-05 0)
(0.0002 9.48e-05 0)
(0 9.5e-05 0)
(0.0002 9.5e-05 0)
(0 9.52e-05 0)
(0.0002 9.52e-05 0)
(0 9.54e-05 0)
(0.0002 9.54e-05 0)
(0 9.56e-05 0)
(0.0002 9.56e-05 0)
(0 9.58e-05 0)
(0.0002 9.58e-05 0)
(0 9.6e-05 0)
(0.0002 9.6e-05 0)
(0 9.62e-05 0)
(0.0002 9.62e-05 0)
(0 9.64e-05 0)
(0.0002 9.64e-05 0)
(0 9.66e-05 0)
(0.0002 9.66e-05 0)
(0 9.68e-05 0)
(0.0002 9.68e-05 0)
(0 9.7e-05 0)
(0.0002 9.7e-05 0)
(0 9.72e-05 0)
(0.0002 9.72e-05 0)
(0 9.74e-05 0)
(0.0002 9.74e-05 0)
(0 9.76e-05 0)
(0.0002 9.76e-05 0)
(0 9.78e-05 0)
(0.0002 9.78e-05 0)
(0 9.8e-05 0)
(0.0002 9.8e-05 0)
(0 9.82e-05 0)
(0.0002 9.82e-05 0)
(0 9.84e-05 0)
(0.0002 9.84e-05 0)
(0 9.86e-05 0)
(0.0002 9.86e-05 0)
(0 9.88e-05 0)
(0.0002 9.88e-05 0)
(0 9.9e-05 0)
(0.0002 9.9e-05 0)
(0 9.92e-05 0)
(0.0002 9.92e-05 0)
(0 9.94e-05 0)
(0.0002 9.94e-05 0)
(0 9.96e-05 0)
(0.0002 9.96e-05 0)
(0 9.98e-05 0)
(0.0002 9.98e-05 0)
(0 0.0001 0)
(0.0002 0.0001 0)
(0 0.0001002 0)
(0.0002 0.0001002 0)
(0 0.0001004 0)
(0.0002 0.0001004 0)
(0 0.0001006 0)
(0.0002 0.0001006 0)
(0 0.0001008 0)
(0.0002 0.0001008 0)
(0 0.000101 0)
(0.0002 0.000101 0)
(0 0.0001012 0)
(0.0002 0.0001012 0)
(0 0.0001014 0)
(0.0002 0.0001014 0)
(0 0.0001016 0)
(0.0002 0.0001016 0)
(0 0.0001018 0)
(0.0002 0.0001018 0)
(0 0.000102 0)
(0.0002 0.000102 0)
(0 0.0001022 0)
(0.0002 0.0001022 0)
(0 0.0001024 0)
(0.0002 0.0001024 0)
(0 0.0001026 0)
(0.0002 0.0001026 0)
(0 0.0001028 0)
(0.0002 0.0001028 0)
(0 0.000103 0)
(0.0002 0.000103 0)
(0 0.0001032 0)
(0.0002 0.0001032 0)
(0 0.0001034 0)
(0.0002 0.0001034 0)
(0 0.0001036 0)
(0.0002 0.0001036 0)
(0 0.0001038 0)
(0.0002 0.0001038 0)
(0 0.000104 0)
(0.0002 0.000104 0)
(0 0.0001042 0)
(0.0002 0.0001042 0)
(0 0.0001044 0)
(0.0002 0.0001044 0)
(0 0.0001046 0)
(0.0002 0.0001046 0)
(0 0.0001048 0)
(0.0002 0.0001048 0)
(0 0.000105 0)
(0.0002 0.000105 0)
(0 0.0001052 0)
(0.0002 0.0001052 0)
(0 0.0001054 0)
(0.0002 0.0001054 0)
(0 0.0001056 0)
(0.0002 0.0001056 0)
(0 0.0001058 0)
(0.0002 0.0001058 0)
(0 0.000106 0)
(0.0002 0.000106 0)
(0 0.0001062 0)
(0.0002 0.0001062 0)
(0 0.0001064 0)
(0.0002 0.0001064 0)
(0 0.0001066 0)
(0.0002 0.0001066 0)
(0 0.0001068 0)
(0.0002 0.0001068 0)
(0 0.000107 0)
(0.0002 0.000107 0)
(0 0.0001072 0)
(0.0002 0.0001072 0)
(0 0.0001074 0)
(0.0002 0.0001074 0)
(0 0.0001076 0)
(0.0002 0.0001076 0)
(0 0.0001078 0)
(0.0002 0.0001078 0)
(0 0.000108 0)
(0.0002 0.000108 0)
(0 0.0001082 0)
(0.0002 0.0001082 0)
(0 0.0001084 0)
(0.0002 0.0001084 0)
(0 0.0001086 0)
(0.0002 0.0001086 0)
(0 0.0001088 0)
(0.0002 0.0001088 0)
(0 0.000109 0)
(0.0002 0.000109 0)
(0 0.0001092 0)
(0.0002 0.0001092 0)
(0 0.0001094 0)
(0.0002 0.0001094 0)
(0 0.0001096 0)
(0.0002 0.0001096 0)
(0 0.0001098 0)
(0.0002 0.0001098 0)
(0 0.00011 0)
(0.0002 0.00011 0)
(0 0.0001102 0)
(0.0002 0.0001102 0)
(0 0.0001104 0)
(0.0002 0.0001104 0)
(0 0.0001106 0)
(0.0002 0.0001106 0)
(0 0.0001108 0)
(0.0002 0.0001108 0)
(0 0.000111 0)
(0.0002 0.000111 0)
(0 0.0001112 0)
(0.0002 0.0001112 0)
(0 0.0001114 0)
(0.0002 0.0001114 0)
(0 0.0001116 0)
(0.0002 0.0001116 0)
(0 0.0001118 0)
(0.0002 0.0001118 0)
(0 0.000112 0)
(0.0002 0.000112 0)
(0 0.0001122 0)
(0.0002 0.0001122 0)
(0 0.0001124 0)
(0.0002 0.0001124 0)
(0 0.0001126 0)
(0.0002 0.0001126 0)
(0 0.0001128 0)
(0.0002 0.0001128 0)
(0 0.000113 0)
(0.0002 0.000113 0)
(0 0.0001132 0)
(0.0002 0.0001132 0)
(0 0.0001134 0)
(0.0002 0.0001134 0)
(0 0.0001136 0)
(0.0002 0.0001136 0)
(0 0.0001138 0)
(0.0002 0.0001138 0)
(0 0.000114 0)
(0.0002 0.000114 0)
(0 0.0001142 0)
(0.0002 0.0001142 0)
(0 0.0001144 0)
(0.0002 0.0001144 0)
(0 0.0001146 0)
(0.0002 0.0001146 0)
(0 0.0001148 0)
(0.0002 0.0001148 0)
(0 0.000115 0)
(0.0002 0.000115 0)
(0 0.0001152 0)
(0.0002 0.0001152 0)
(0 0.0001154 0)
(0.0002 0.0001154 0)
(0 0.0001156 0)
(0.0002 0.0001156 0)
(0 0.0001158 0)
(0.0002 0.0001158 0)
(0 0.000116 0)
(0.0002 0.000116 0)
(0 0.0001162 0)
(0.0002 0.0001162 0)
(0 0.0001164 0)
(0.0002 0.0001164 0)
(0 0.0001166 0)
(0.0002 0.0001166 0)
(0 0.0001168 0)
(0.0002 0.0001168 0)
(0 0.000117 0)
(0.0002 0.000117 0)
(0 0.0001172 0)
(0.0002 0.0001172 0)
(0 0.0001174 0)
(0.0002 0.0001174 0)
(0 0.0001176 0)
(0.0002 0.0001176 0)
(0 0.0001178 0)
(0.0002 0.0001178 0)
(0 0.000118 0)
(0.0002 0.000118 0)
(0 0.0001182 0)
(0.0002 0.0001182 0)
(0 0.0001184 0)
(0.0002 0.0001184 0)
(0 0.0001186 0)
(0.0002 0.0001186 0)
(0 0.0001188 0)
(0.0002 0.0001188 0)
(0 0.000119 0)
(0.0002 0.000119 0)
(0 0.0001192 0)
(0.0002 0.0001192 0)
(0 0.0001194 0)
(0.0002 0.0001194 0)
(0 0.0001196 0)
(0.0002 0.0001196 0)
(0 0.0001198 0)
(0.0002 0.0001198 0)
(0 0.00012 0)
(0.0002 0.00012 0)
(0 0.0001202 0)
(0.0002 0.0001202 0)
(0 0.0001204 0)
(0.0002 0.0001204 0)
(0 0.0001206 0)
(0.0002 0.0001206 0)
(0 0.0001208 0)
(0.0002 0.0001208 0)
(0 0.000121 0)
(0.0002 0.000121 0)
(0 0.0001212 0)
(0.0002 0.0001212 0)
(0 0.0001214 0)
(0.0002 0.0001214 0)
(0 0.0001216 0)
(0.0002 0.0001216 0)
(0 0.0001218 0)
(0.0002 0.0001218 0)
(0 0.000122 0)
(0.0002 0.000122 0)
(0 0.0001222 0)
(0.0002 0.0001222 0)
(0 0.0001224 0)
(0.0002 0.0001224 0)
(0 0.0001226 0)
(0.0002 0.0001226 0)
(0 0.0001228 0)
(0.0002 0.0001228 0)
(0 0.000123 0)
(0.0002 0.000123 0)
(0 0.0001232 0)
(0.0002 0.0001232 0)
(0 0.0001234 0)
(0.0002 0.0001234 0)
(0 0.0001236 0)
(0.0002 0.0001236 0)
(0 0.0001238 0)
(0.0002 0.0001238 0)
(0 0.000124 0)
(0.0002 0.000124 0)
(0 0.0001242 0)
(0.0002 0.0001242 0)
(0 0.0001244 0)
(0.0002 0.0001244 0)
(0 0.0001246 0)
(0.0002 0.0001246 0)
(0 0.0001248 0)
(0.0002 0.0001248 0)
(0 0.000125 0)
(0.0002 0.000125 0)
(0 0.0001252 0)
(0.0002 0.0001252 0)
(0 0.0001254 0)
(0.0002 0.0001254 0)
(0 0.0001256 0)
(0.0002 0.0001256 0)
(0 0.0001258 0)
(0.0002 0.0001258 0)
(0 0.000126 0)
(0.0002 0.000126 0)
(0 0.0001262 0)
(0.0002 0.0001262 0)
(0 0.0001264 0)
(0.0002 0.0001264 0)
(0 0.0001266 0)
(0.0002 0.0001266 0)
(0 0.0001268 0)
(0.0002 0.0001268 0)
(0 0.000127 0)
(0.0002 0.000127 0)
(0 0.0001272 0)
(0.0002 0.0001272 0)
(0 0.0001274 0)
(0.0002 0.0001274 0)
(0 0.0001276 0)
(0.0002 0.0001276 0)
(0 0.0001278 0)
(0.0002 0.0001278 0)
(0 0.000128 0)
(0.0002 0.000128 0)
(0 0.0001282 0)
(0.0002 0.0001282 0)
(0 0.0001284 0)
(0.0002 0.0001284 0)
(0 0.0001286 0)
(0.0002 0.0001286 0)
(0 0.0001288 0)
(0.0002 0.0001288 0)
(0 0.000129 0)
(0.0002 0.000129 0)
(0 0.0001292 0)
(0.0002 0.0001292 0)
(0 0.0001294 0)
(0.0002 0.0001294 0)
(0 0.0001296 0)
(0.0002 0.0001296 0)
(0 0.0001298 0)
(0.0002 0.0001298 0)
(0 0.00013 0)
(0.0002 0.00013 0)
(0 0.0001302 0)
(0.0002 0.0001302 0)
(0 0.0001304 0)
(0.0002 0.0001304 0)
(0 0.0001306 0)
(0.0002 0.0001306 0)
(0 0.0001308 0)
(0.0002 0.0001308 0)
(0 0.000131 0)
(0.0002 0.000131 0)
(0 0.0001312 0)
(0.0002 0.0001312 0)
(0 0.0001314 0)
(0.0002 0.0001314 0)
(0 0.0001316 0)
(0.0002 0.0001316 0)
(0 0.0001318 0)
(0.0002 0.0001318 0)
(0 0.000132 0)
(0.0002 0.000132 0)
(0 0.0001322 0)
(0.0002 0.0001322 0)
(0 0.0001324 0)
(0.0002 0.0001324 0)
(0 0.0001326 0)
(0.0002 0.0001326 0)
(0 0.0001328 0)
(0.0002 0.0001328 0)
(0 0.000133 0)
(0.0002 0.000133 0)
(0 0.0001332 0)
(0.0002 0.0001332 0)
(0 0.0001334 0)
(0.0002 0.0001334 0)
(0 0.0001336 0)
(0.0002 0.0001336 0)
(0 0.0001338 0)
(0.0002 0.0001338 0)
(0 0.000134 0)
(0.0002 0.000134 0)
(0 0.0001342 0)
(0.0002 0.0001342 0)
(0 0.0001344 0)
(0.0002 0.0001344 0)
(0 0.0001346 0)
(0.0002 0.0001346 0)
(0 0.0001348 0)
(0.0002 0.0001348 0)
(0 0.000135 0)
(0.0002 0.000135 0)
(0 0.0001352 0)
(0.0002 0.0001352 0)
(0 0.0001354 0)
(0.0002 0.0001354 0)
(0 0.0001356 0)
(0.0002 0.0001356 0)
(0 0.0001358 0)
(0.0002 0.0001358 0)
(0 0.000136 0)
(0.0002 0.000136 0)
(0 0.0001362 0)
(0.0002 0.0001362 0)
(0 0.0001364 0)
(0.0002 0.0001364 0)
(0 0.0001366 0)
(0.0002 0.0001366 0)
(0 0.0001368 0)
(0.0002 0.0001368 0)
(0 0.000137 0)
(0.0002 0.000137 0)
(0 0.0001372 0)
(0.0002 0.0001372 0)
(0 0.0001374 0)
(0.0002 0.0001374 0)
(0 0.0001376 0)
(0.0002 0.0001376 0)
(0 0.0001378 0)
(0.0002 0.0001378 0)
(0 0.000138 0)
(0.0002 0.000138 0)
(0 0.0001382 0)
(0.0002 0.0001382 0)
(0 0.0001384 0)
(0.0002 0.0001384 0)
(0 0.0001386 0)
(0.0002 0.0001386 0)
(0 0.0001388 0)
(0.0002 0.0001388 0)
(0 0.000139 0)
(0.0002 0.000139 0)
(0 0.0001392 0)
(0.0002 0.0001392 0)
(0 0.0001394 0)
(0.0002 0.0001394 0)
(0 0.0001396 0)
(0.0002 0.0001396 0)
(0 0.0001398 0)
(0.0002 0.0001398 0)
(0 0.00014 0)
(0.0002 0.00014 0)
(0 0.0001402 0)
(0.0002 0.0001402 0)
(0 0.0001404 0)
(0.0002 0.0001404 0)
(0 0.0001406 0)
(0.0002 0.0001406 0)
(0 0.0001408 0)
(0.0002 0.0001408 0)
(0 0.000141 0)
(0.0002 0.000141 0)
(0 0.0001412 0)
(0.0002 0.0001412 0)
(0 0.0001414 0)
(0.0002 0.0001414 0)
(0 0.0001416 0)
(0.0002 0.0001416 0)
(0 0.0001418 0)
(0.0002 0.0001418 0)
(0 0.000142 0)
(0.0002 0.000142 0)
(0 0.0001422 0)
(0.0002 0.0001422 0)
(0 0.0001424 0)
(0.0002 0.0001424 0)
(0 0.0001426 0)
(0.0002 0.0001426 0)
(0 0.0001428 0)
(0.0002 0.0001428 0)
(0 0.000143 0)
(0.0002 0.000143 0)
(0 0.0001432 0)
(0.0002 0.0001432 0)
(0 0.0001434 0)
(0.0002 0.0001434 0)
(0 0.0001436 0)
(0.0002 0.0001436 0)
(0 0.0001438 0)
(0.0002 0.0001438 0)
(0 0.000144 0)
(0.0002 0.000144 0)
(0 0.0001442 0)
(0.0002 0.0001442 0)
(0 0.0001444 0)
(0.0002 0.0001444 0)
(0 0.0001446 0)
(0.0002 0.0001446 0)
(0 0.0001448 0)
(0.0002 0.0001448 0)
(0 0.000145 0)
(0.0002 0.000145 0)
(0 0.0001452 0)
(0.0002 0.0001452 0)
(0 0.0001454 0)
(0.0002 0.0001454 0)
(0 0.0001456 0)
(0.0002 0.0001456 0)
(0 0.0001458 0)
(0.0002 0.0001458 0)
(0 0.000146 0)
(0.0002 0.000146 0)
(0 0.0001462 0)
(0.0002 0.0001462 0)
(0 0.0001464 0)
(0.0002 0.0001464 0)
(0 0.0001466 0)
(0.0002 0.0001466 0)
(0 0.0001468 0)
(0.0002 0.0001468 0)
(0 0.000147 0)
(0.0002 0.000147 0)
(0 0.0001472 0)
(0.0002 0.0001472 0)
(0 0.0001474 0)
(0.0002 0.0001474 0)
(0 0.0001476 0)
(0.0002 0.0001476 0)
(0 0.0001478 0)
(0.0002 0.0001478 0)
(0 0.000148 0)
(0.0002 0.000148 0)
(0 0.0001482 0)
(0.0002 0.0001482 0)
(0 0.0001484 0)
(0.0002 0.0001484 0)
(0 0.0001486 0)
(0.0002 0.0001486 0)
(0 0.0001488 0)
(0.0002 0.0001488 0)
(0 0.000149 0)
(0.0002 0.000149 0)
(0 0.0001492 0)
(0.0002 0.0001492 0)
(0 0.0001494 0)
(0.0002 0.0001494 0)
(0 0.0001496 0)
(0.0002 0.0001496 0)
(0 0.0001498 0)
(0.0002 0.0001498 0)
(0 0.00015 0)
(0.0002 0.00015 0)
(0 0.0001502 0)
(0.0002 0.0001502 0)
(0 0.0001504 0)
(0.0002 0.0001504 0)
(0 0.0001506 0)
(0.0002 0.0001506 0)
(0 0.0001508 0)
(0.0002 0.0001508 0)
(0 0.000151 0)
(0.0002 0.000151 0)
(0 0.0001512 0)
(0.0002 0.0001512 0)
(0 0.0001514 0)
(0.0002 0.0001514 0)
(0 0.0001516 0)
(0.0002 0.0001516 0)
(0 0.0001518 0)
(0.0002 0.0001518 0)
(0 0.000152 0)
(0.0002 0.000152 0)
(0 0.0001522 0)
(0.0002 0.0001522 0)
(0 0.0001524 0)
(0.0002 0.0001524 0)
(0 0.0001526 0)
(0.0002 0.0001526 0)
(0 0.0001528 0)
(0.0002 0.0001528 0)
(0 0.000153 0)
(0.0002 0.000153 0)
(0 0.0001532 0)
(0.0002 0.0001532 0)
(0 0.0001534 0)
(0.0002 0.0001534 0)
(0 0.0001536 0)
(0.0002 0.0001536 0)
(0 0.0001538 0)
(0.0002 0.0001538 0)
(0 0.000154 0)
(0.0002 0.000154 0)
(0 0.0001542 0)
(0.0002 0.0001542 0)
(0 0.0001544 0)
(0.0002 0.0001544 0)
(0 0.0001546 0)
(0.0002 0.0001546 0)
(0 0.0001548 0)
(0.0002 0.0001548 0)
(0 0.000155 0)
(0.0002 0.000155 0)
(0 0.0001552 0)
(0.0002 0.0001552 0)
(0 0.0001554 0)
(0.0002 0.0001554 0)
(0 0.0001556 0)
(0.0002 0.0001556 0)
(0 0.0001558 0)
(0.0002 0.0001558 0)
(0 0.000156 0)
(0.0002 0.000156 0)
(0 0.0001562 0)
(0.0002 0.0001562 0)
(0 0.0001564 0)
(0.0002 0.0001564 0)
(0 0.0001566 0)
(0.0002 0.0001566 0)
(0 0.0001568 0)
(0.0002 0.0001568 0)
(0 0.000157 0)
(0.0002 0.000157 0)
(0 0.0001572 0)
(0.0002 0.0001572 0)
(0 0.0001574 0)
(0.0002 0.0001574 0)
(0 0.0001576 0)
(0.0002 0.0001576 0)
(0 0.0001578 0)
(0.0002 0.0001578 0)
(0 0.000158 0)
(0.0002 0.000158 0)
(0 0.0001582 0)
(0.0002 0.0001582 0)
(0 0.0001584 0)
(0.0002 0.0001584 0)
(0 0.0001586 0)
(0.0002 0.0001586 0)
(0 0.0001588 0)
(0.0002 0.0001588 0)
(0 0.000159 0)
(0.0002 0.000159 0)
(0 0.0001592 0)
(0.0002 0.0001592 0)
(0 0.0001594 0)
(0.0002 0.0001594 0)
(0 0.0001596 0)
(0.0002 0.0001596 0)
(0 0.0001598 0)
(0.0002 0.0001598 0)
(0 0.00016 0)
(0.0002 0.00016 0)
(0 0.0001602 0)
(0.0002 0.0001602 0)
(0 0.0001604 0)
(0.0002 0.0001604 0)
(0 0.0001606 0)
(0.0002 0.0001606 0)
(0 0.0001608 0)
(0.0002 0.0001608 0)
(0 0.000161 0)
(0.0002 0.000161 0)
(0 0.0001612 0)
(0.0002 0.0001612 0)
(0 0.0001614 0)
(0.0002 0.0001614 0)
(0 0.0001616 0)
(0.0002 0.0001616 0)
(0 0.0001618 0)
(0.0002 0.0001618 0)
(0 0.000162 0)
(0.0002 0.000162 0)
(0 0.0001622 0)
(0.0002 0.0001622 0)
(0 0.0001624 0)
(0.0002 0.0001624 0)
(0 0.0001626 0)
(0.0002 0.0001626 0)
(0 0.0001628 0)
(0.0002 0.0001628 0)
(0 0.000163 0)
(0.0002 0.000163 0)
(0 0.0001632 0)
(0.0002 0.0001632 0)
(0 0.0001634 0)
(0.0002 0.0001634 0)
(0 0.0001636 0)
(0.0002 0.0001636 0)
(0 0.0001638 0)
(0.0002 0.0001638 0)
(0 0.000164 0)
(0.0002 0.000164 0)
(0 0.0001642 0)
(0.0002 0.0001642 0)
(0 0.0001644 0)
(0.0002 0.0001644 0)
(0 0.0001646 0)
(0.0002 0.0001646 0)
(0 0.0001648 0)
(0.0002 0.0001648 0)
(0 0.000165 0)
(0.0002 0.000165 0)
(0 0.0001652 0)
(0.0002 0.0001652 0)
(0 0.0001654 0)
(0.0002 0.0001654 0)
(0 0.0001656 0)
(0.0002 0.0001656 0)
(0 0.0001658 0)
(0.0002 0.0001658 0)
(0 0.000166 0)
(0.0002 0.000166 0)
(0 0.0001662 0)
(0.0002 0.0001662 0)
(0 0.0001664 0)
(0.0002 0.0001664 0)
(0 0.0001666 0)
(0.0002 0.0001666 0)
(0 0.0001668 0)
(0.0002 0.0001668 0)
(0 0.000167 0)
(0.0002 0.000167 0)
(0 0.0001672 0)
(0.0002 0.0001672 0)
(0 0.0001674 0)
(0.0002 0.0001674 0)
(0 0.0001676 0)
(0.0002 0.0001676 0)
(0 0.0001678 0)
(0.0002 0.0001678 0)
(0 0.000168 0)
(0.0002 0.000168 0)
(0 0.0001682 0)
(0.0002 0.0001682 0)
(0 0.0001684 0)
(0.0002 0.0001684 0)
(0 0.0001686 0)
(0.0002 0.0001686 0)
(0 0.0001688 0)
(0.0002 0.0001688 0)
(0 0.000169 0)
(0.0002 0.000169 0)
(0 0.0001692 0)
(0.0002 0.0001692 0)
(0 0.0001694 0)
(0.0002 0.0001694 0)
(0 0.0001696 0)
(0.0002 0.0001696 0)
(0 0.0001698 0)
(0.0002 0.0001698 0)
(0 0.00017 0)
(0.0002 0.00017 0)
(0 0.0001702 0)
(0.0002 0.0001702 0)
(0 0.0001704 0)
(0.0002 0.0001704 0)
(0 0.0001706 0)
(0.0002 0.0001706 0)
(0 0.0001708 0)
(0.0002 0.0001708 0)
(0 0.000171 0)
(0.0002 0.000171 0)
(0 0.0001712 0)
(0.0002 0.0001712 0)
(0 0.0001714 0)
(0.0002 0.0001714 0)
(0 0.0001716 0)
(0.0002 0.0001716 0)
(0 0.0001718 0)
(0.0002 0.0001718 0)
(0 0.000172 0)
(0.0002 0.000172 0)
(0 0.0001722 0)
(0.0002 0.0001722 0)
(0 0.0001724 0)
(0.0002 0.0001724 0)
(0 0.0001726 0)
(0.0002 0.0001726 0)
(0 0.0001728 0)
(0.0002 0.0001728 0)
(0 0.000173 0)
(0.0002 0.000173 0)
(0 0.0001732 0)
(0.0002 0.0001732 0)
(0 0.0001734 0)
(0.0002 0.0001734 0)
(0 0.0001736 0)
(0.0002 0.0001736 0)
(0 0.0001738 0)
(0.0002 0.0001738 0)
(0 0.000174 0)
(0.0002 0.000174 0)
(0 0.0001742 0)
(0.0002 0.0001742 0)
(0 0.0001744 0)
(0.0002 0.0001744 0)
(0 0.0001746 0)
(0.0002 0.0001746 0)
(0 0.0001748 0)
(0.0002 0.0001748 0)
(0 0.000175 0)
(0.0002 0.000175 0)
(0 0.0001752 0)
(0.0002 0.0001752 0)
(0 0.0001754 0)
(0.0002 0.0001754 0)
(0 0.0001756 0)
(0.0002 0.0001756 0)
(0 0.0001758 0)
(0.0002 0.0001758 0)
(0 0.000176 0)
(0.0002 0.000176 0)
(0 0.0001762 0)
(0.0002 0.0001762 0)
(0 0.0001764 0)
(0.0002 0.0001764 0)
(0 0.0001766 0)
(0.0002 0.0001766 0)
(0 0.0001768 0)
(0.0002 0.0001768 0)
(0 0.000177 0)
(0.0002 0.000177 0)
(0 0.0001772 0)
(0.0002 0.0001772 0)
(0 0.0001774 0)
(0.0002 0.0001774 0)
(0 0.0001776 0)
(0.0002 0.0001776 0)
(0 0.0001778 0)
(0.0002 0.0001778 0)
(0 0.000178 0)
(0.0002 0.000178 0)
(0 0.0001782 0)
(0.0002 0.0001782 0)
(0 0.0001784 0)
(0.0002 0.0001784 0)
(0 0.0001786 0)
(0.0002 0.0001786 0)
(0 0.0001788 0)
(0.0002 0.0001788 0)
(0 0.000179 0)
(0.0002 0.000179 0)
(0 0.0001792 0)
(0.0002 0.0001792 0)
(0 0.0001794 0)
(0.0002 0.0001794 0)
(0 0.0001796 0)
(0.0002 0.0001796 0)
(0 0.0001798 0)
(0.0002 0.0001798 0)
(0 0.00018 0)
(0.0002 0.00018 0)
(0 0.0001802 0)
(0.0002 0.0001802 0)
(0 0.0001804 0)
(0.0002 0.0001804 0)
(0 0.0001806 0)
(0.0002 0.0001806 0)
(0 0.0001808 0)
(0.0002 0.0001808 0)
(0 0.000181 0)
(0.0002 0.000181 0)
(0 0.0001812 0)
(0.0002 0.0001812 0)
(0 0.0001814 0)
(0.0002 0.0001814 0)
(0 0.0001816 0)
(0.0002 0.0001816 0)
(0 0.0001818 0)
(0.0002 0.0001818 0)
(0 0.000182 0)
(0.0002 0.000182 0)
(0 0.0001822 0)
(0.0002 0.0001822 0)
(0 0.0001824 0)
(0.0002 0.0001824 0)
(0 0.0001826 0)
(0.0002 0.0001826 0)
(0 0.0001828 0)
(0.0002 0.0001828 0)
(0 0.000183 0)
(0.0002 0.000183 0)
(0 0.0001832 0)
(0.0002 0.0001832 0)
(0 0.0001834 0)
(0.0002 0.0001834 0)
(0 0.0001836 0)
(0.0002 0.0001836 0)
(0 0.0001838 0)
(0.0002 0.0001838 0)
(0 0.000184 0)
(0.0002 0.000184 0)
(0 0.0001842 0)
(0.0002 0.0001842 0)
(0 0.0001844 0)
(0.0002 0.0001844 0)
(0 0.0001846 0)
(0.0002 0.0001846 0)
(0 0.0001848 0)
(0.0002 0.0001848 0)
(0 0.000185 0)
(0.0002 0.000185 0)
(0 0.0001852 0)
(0.0002 0.0001852 0)
(0 0.0001854 0)
(0.0002 0.0001854 0)
(0 0.0001856 0)
(0.0002 0.0001856 0)
(0 0.0001858 0)
(0.0002 0.0001858 0)
(0 0.000186 0)
(0.0002 0.000186 0)
(0 0.0001862 0)
(0.0002 0.0001862 0)
(0 0.0001864 0)
(0.0002 0.0001864 0)
(0 0.0001866 0)
(0.0002 0.0001866 0)
(0 0.0001868 0)
(0.0002 0.0001868 0)
(0 0.000187 0)
(0.0002 0.000187 0)
(0 0.0001872 0)
(0.0002 0.0001872 0)
(0 0.0001874 0)
(0.0002 0.0001874 0)
(0 0.0001876 0)
(0.0002 0.0001876 0)
(0 0.0001878 0)
(0.0002 0.0001878 0)
(0 0.000188 0)
(0.0002 0.000188 0)
(0 0.0001882 0)
(0.0002 0.0001882 0)
(0 0.0001884 0)
(0.0002 0.0001884 0)
(0 0.0001886 0)
(0.0002 0.0001886 0)
(0 0.0001888 0)
(0.0002 0.0001888 0)
(0 0.000189 0)
(0.0002 0.000189 0)
(0 0.0001892 0)
(0.0002 0.0001892 0)
(0 0.0001894 0)
(0.0002 0.0001894 0)
(0 0.0001896 0)
(0.0002 0.0001896 0)
(0 0.0001898 0)
(0.0002 0.0001898 0)
(0 0.00019 0)
(0.0002 0.00019 0)
(0 0.0001902 0)
(0.0002 0.0001902 0)
(0 0.0001904 0)
(0.0002 0.0001904 0)
(0 0.0001906 0)
(0.0002 0.0001906 0)
(0 0.0001908 0)
(0.0002 0.0001908 0)
(0 0.000191 0)
(0.0002 0.000191 0)
(0 0.0001912 0)
(0.0002 0.0001912 0)
(0 0.0001914 0)
(0.0002 0.0001914 0)
(0 0.0001916 0)
(0.0002 0.0001916 0)
(0 0.0001918 0)
(0.0002 0.0001918 0)
(0 0.000192 0)
(0.0002 0.000192 0)
(0 0.0001922 0)
(0.0002 0.0001922 0)
(0 0.0001924 0)
(0.0002 0.0001924 0)
(0 0.0001926 0)
(0.0002 0.0001926 0)
(0 0.0001928 0)
(0.0002 0.0001928 0)
(0 0.000193 0)
(0.0002 0.000193 0)
(0 0.0001932 0)
(0.0002 0.0001932 0)
(0 0.0001934 0)
(0.0002 0.0001934 0)
(0 0.0001936 0)
(0.0002 0.0001936 0)
(0 0.0001938 0)
(0.0002 0.0001938 0)
(0 0.000194 0)
(0.0002 0.000194 0)
(0 0.0001942 0)
(0.0002 0.0001942 0)
(0 0.0001944 0)
(0.0002 0.0001944 0)
(0 0.0001946 0)
(0.0002 0.0001946 0)
(0 0.0001948 0)
(0.0002 0.0001948 0)
(0 0.000195 0)
(0.0002 0.000195 0)
(0 0.0001952 0)
(0.0002 0.0001952 0)
(0 0.0001954 0)
(0.0002 0.0001954 0)
(0 0.0001956 0)
(0.0002 0.0001956 0)
(0 0.0001958 0)
(0.0002 0.0001958 0)
(0 0.000196 0)
(0.0002 0.000196 0)
(0 0.0001962 0)
(0.0002 0.0001962 0)
(0 0.0001964 0)
(0.0002 0.0001964 0)
(0 0.0001966 0)
(0.0002 0.0001966 0)
(0 0.0001968 0)
(0.0002 0.0001968 0)
(0 0.000197 0)
(0.0002 0.000197 0)
(0 0.0001972 0)
(0.0002 0.0001972 0)
(0 0.0001974 0)
(0.0002 0.0001974 0)
(0 0.0001976 0)
(0.0002 0.0001976 0)
(0 0.0001978 0)
(0.0002 0.0001978 0)
(0 0.000198 0)
(0.0002 0.000198 0)
(0 0.0001982 0)
(0.0002 0.0001982 0)
(0 0.0001984 0)
(0.0002 0.0001984 0)
(0 0.0001986 0)
(0.0002 0.0001986 0)
(0 0.0001988 0)
(0.0002 0.0001988 0)
(0 0.000199 0)
(0.0002 0.000199 0)
(0 0.0001992 0)
(0.0002 0.0001992 0)
(0 0.0001994 0)
(0.0002 0.0001994 0)
(0 0.0001996 0)
(0.0002 0.0001996 0)
(0 0.0001998 0)
(0.0002 0.0001998 0)
(0 0.0002 0)
(0.0002 0.0002 0)
(0 0 0.0002)
(0.0002 0 0.0002)
(0 2e-07 0.0002)
(0.0002 2e-07 0.0002)
(0 4e-07 0.0002)
(0.0002 4e-07 0.0002)
(0 6e-07 0.0002)
(0.0002 6e-07 0.0002)
(0 8e-07 0.0002)
(0.0002 8e-07 0.0002)
(0 1e-06 0.0002)
(0.0002 1e-06 0.0002)
(0 1.2e-06 0.0002)
(0.0002 1.2e-06 0.0002)
(0 1.4e-06 0.0002)
(0.0002 1.4e-06 0.0002)
(0 1.6e-06 0.0002)
(0.0002 1.6e-06 0.0002)
(0 1.8e-06 0.0002)
(0.0002 1.8e-06 0.0002)
(0 2e-06 0.0002)
(0.0002 2e-06 0.0002)
(0 2.2e-06 0.0002)
(0.0002 2.2e-06 0.0002)
(0 2.4e-06 0.0002)
(0.0002 2.4e-06 0.0002)
(0 2.6e-06 0.0002)
(0.0002 2.6e-06 0.0002)
(0 2.8e-06 0.0002)
(0.0002 2.8e-06 0.0002)
(0 3e-06 0.0002)
(0.0002 3e-06 0.0002)
(0 3.2e-06 0.0002)
(0.0002 3.2e-06 0.0002)
(0 3.4e-06 0.0002)
(0.0002 3.4e-06 0.0002)
(0 3.6e-06 0.0002)
(0.0002 3.6e-06 0.0002)
(0 3.8e-06 0.0002)
(0.0002 3.8e-06 0.0002)
(0 4e-06 0.0002)
(0.0002 4e-06 0.0002)
(0 4.2e-06 0.0002)
(0.0002 4.2e-06 0.0002)
(0 4.4e-06 0.0002)
(0.0002 4.4e-06 0.0002)
(0 4.6e-06 0.0002)
(0.0002 4.6e-06 0.0002)
(0 4.8e-06 0.0002)
(0.0002 4.8e-06 0.0002)
(0 5e-06 0.0002)
(0.0002 5e-06 0.0002)
(0 5.2e-06 0.0002)
(0.0002 5.2e-06 0.0002)
(0 5.4e-06 0.0002)
(0.0002 5.4e-06 0.0002)
(0 5.6e-06 0.0002)
(0.0002 5.6e-06 0.0002)
(0 5.8e-06 0.0002)
(0.0002 5.8e-06 0.0002)
(0 6e-06 0.0002)
(0.0002 6e-06 0.0002)
(0 6.2e-06 0.0002)
(0.0002 6.2e-06 0.0002)
(0 6.4e-06 0.0002)
(0.0002 6.4e-06 0.0002)
(0 6.6e-06 0.0002)
(0.0002 6.6e-06 0.0002)
(0 6.8e-06 0.0002)
(0.0002 6.8e-06 0.0002)
(0 7e-06 0.0002)
(0.0002 7e-06 0.0002)
(0 7.2e-06 0.0002)
(0.0002 7.2e-06 0.0002)
(0 7.4e-06 0.0002)
(0.0002 7.4e-06 0.0002)
(0 7.6e-06 0.0002)
(0.0002 7.6e-06 0.0002)
(0 7.8e-06 0.0002)
(0.0002 7.8e-06 0.0002)
(0 8e-06 0.0002)
(0.0002 8e-06 0.0002)
(0 8.2e-06 0.0002)
(0.0002 8.2e-06 0.0002)
(0 8.4e-06 0.0002)
(0.0002 8.4e-06 0.0002)
(0 8.6e-06 0.0002)
(0.0002 8.6e-06 0.0002)
(0 8.8e-06 0.0002)
(0.0002 8.8e-06 0.0002)
(0 9e-06 0.0002)
(0.0002 9e-06 0.0002)
(0 9.2e-06 0.0002)
(0.0002 9.2e-06 0.0002)
(0 9.4e-06 0.0002)
(0.0002 9.4e-06 0.0002)
(0 9.6e-06 0.0002)
(0.0002 9.6e-06 0.0002)
(0 9.8e-06 0.0002)
(0.0002 9.8e-06 0.0002)
(0 1e-05 0.0002)
(0.0002 1e-05 0.0002)
(0 1.02e-05 0.0002)
(0.0002 1.02e-05 0.0002)
(0 1.04e-05 0.0002)
(0.0002 1.04e-05 0.0002)
(0 1.06e-05 0.0002)
(0.0002 1.06e-05 0.0002)
(0 1.08e-05 0.0002)
(0.0002 1.08e-05 0.0002)
(0 1.1e-05 0.0002)
(0.0002 1.1e-05 0.0002)
(0 1.12e-05 0.0002)
(0.0002 1.12e-05 0.0002)
(0 1.14e-05 0.0002)
(0.0002 1.14e-05 0.0002)
(0 1.16e-05 0.0002)
(0.0002 1.16e-05 0.0002)
(0 1.18e-05 0.0002)
(0.0002 1.18e-05 0.0002)
(0 1.2e-05 0.0002)
(0.0002 1.2e-05 0.0002)
(0 1.22e-05 0.0002)
(0.0002 1.22e-05 0.0002)
(0 1.24e-05 0.0002)
(0.0002 1.24e-05 0.0002)
(0 1.26e-05 0.0002)
(0.0002 1.26e-05 0.0002)
(0 1.28e-05 0.0002)
(0.0002 1.28e-05 0.0002)
(0 1.3e-05 0.0002)
(0.0002 1.3e-05 0.0002)
(0 1.32e-05 0.0002)
(0.0002 1.32e-05 0.0002)
(0 1.34e-05 0.0002)
(0.0002 1.34e-05 0.0002)
(0 1.36e-05 0.0002)
(0.0002 1.36e-05 0.0002)
(0 1.38e-05 0.0002)
(0.0002 1.38e-05 0.0002)
(0 1.4e-05 0.0002)
(0.0002 1.4e-05 0.0002)
(0 1.42e-05 0.0002)
(0.0002 1.42e-05 0.0002)
(0 1.44e-05 0.0002)
(0.0002 1.44e-05 0.0002)
(0 1.46e-05 0.0002)
(0.0002 1.46e-05 0.0002)
(0 1.48e-05 0.0002)
(0.0002 1.48e-05 0.0002)
(0 1.5e-05 0.0002)
(0.0002 1.5e-05 0.0002)
(0 1.52e-05 0.0002)
(0.0002 1.52e-05 0.0002)
(0 1.54e-05 0.0002)
(0.0002 1.54e-05 0.0002)
(0 1.56e-05 0.0002)
(0.0002 1.56e-05 0.0002)
(0 1.58e-05 0.0002)
(0.0002 1.58e-05 0.0002)
(0 1.6e-05 0.0002)
(0.0002 1.6e-05 0.0002)
(0 1.62e-05 0.0002)
(0.0002 1.62e-05 0.0002)
(0 1.64e-05 0.0002)
(0.0002 1.64e-05 0.0002)
(0 1.66e-05 0.0002)
(0.0002 1.66e-05 0.0002)
(0 1.68e-05 0.0002)
(0.0002 1.68e-05 0.0002)
(0 1.7e-05 0.0002)
(0.0002 1.7e-05 0.0002)
(0 1.72e-05 0.0002)
(0.0002 1.72e-05 0.0002)
(0 1.74e-05 0.0002)
(0.0002 1.74e-05 0.0002)
(0 1.76e-05 0.0002)
(0.0002 1.76e-05 0.0002)
(0 1.78e-05 0.0002)
(0.0002 1.78e-05 0.0002)
(0 1.8e-05 0.0002)
(0.0002 1.8e-05 0.0002)
(0 1.82e-05 0.0002)
(0.0002 1.82e-05 0.0002)
(0 1.84e-05 0.0002)
(0.0002 1.84e-05 0.0002)
(0 1.86e-05 0.0002)
(0.0002 1.86e-05 0.0002)
(0 1.88e-05 0.0002)
(0.0002 1.88e-05 0.0002)
(0 1.9e-05 0.0002)
(0.0002 1.9e-05 0.0002)
(0 1.92e-05 0.0002)
(0.0002 1.92e-05 0.0002)
(0 1.94e-05 0.0002)
(0.0002 1.94e-05 0.0002)
(0 1.96e-05 0.0002)
(0.0002 1.96e-05 0.0002)
(0 1.98e-05 0.0002)
(0.0002 1.98e-05 0.0002)
(0 2e-05 0.0002)
(0.0002 2e-05 0.0002)
(0 2.02e-05 0.0002)
(0.0002 2.02e-05 0.0002)
(0 2.04e-05 0.0002)
(0.0002 2.04e-05 0.0002)
(0 2.06e-05 0.0002)
(0.0002 2.06e-05 0.0002)
(0 2.08e-05 0.0002)
(0.0002 2.08e-05 0.0002)
(0 2.1e-05 0.0002)
(0.0002 2.1e-05 0.0002)
(0 2.12e-05 0.0002)
(0.0002 2.12e-05 0.0002)
(0 2.14e-05 0.0002)
(0.0002 2.14e-05 0.0002)
(0 2.16e-05 0.0002)
(0.0002 2.16e-05 0.0002)
(0 2.18e-05 0.0002)
(0.0002 2.18e-05 0.0002)
(0 2.2e-05 0.0002)
(0.0002 2.2e-05 0.0002)
(0 2.22e-05 0.0002)
(0.0002 2.22e-05 0.0002)
(0 2.24e-05 0.0002)
(0.0002 2.24e-05 0.0002)
(0 2.26e-05 0.0002)
(0.0002 2.26e-05 0.0002)
(0 2.28e-05 0.0002)
(0.0002 2.28e-05 0.0002)
(0 2.3e-05 0.0002)
(0.0002 2.3e-05 0.0002)
(0 2.32e-05 0.0002)
(0.0002 2.32e-05 0.0002)
(0 2.34e-05 0.0002)
(0.0002 2.34e-05 0.0002)
(0 2.36e-05 0.0002)
(0.0002 2.36e-05 0.0002)
(0 2.38e-05 0.0002)
(0.0002 2.38e-05 0.0002)
(0 2.4e-05 0.0002)
(0.0002 2.4e-05 0.0002)
(0 2.42e-05 0.0002)
(0.0002 2.42e-05 0.0002)
(0 2.44e-05 0.0002)
(0.0002 2.44e-05 0.0002)
(0 2.46e-05 0.0002)
(0.0002 2.46e-05 0.0002)
(0 2.48e-05 0.0002)
(0.0002 2.48e-05 0.0002)
(0 2.5e-05 0.0002)
(0.0002 2.5e-05 0.0002)
(0 2.52e-05 0.0002)
(0.0002 2.52e-05 0.0002)
(0 2.54e-05 0.0002)
(0.0002 2.54e-05 0.0002)
(0 2.56e-05 0.0002)
(0.0002 2.56e-05 0.0002)
(0 2.58e-05 0.0002)
(0.0002 2.58e-05 0.0002)
(0 2.6e-05 0.0002)
(0.0002 2.6e-05 0.0002)
(0 2.62e-05 0.0002)
(0.0002 2.62e-05 0.0002)
(0 2.64e-05 0.0002)
(0.0002 2.64e-05 0.0002)
(0 2.66e-05 0.0002)
(0.0002 2.66e-05 0.0002)
(0 2.68e-05 0.0002)
(0.0002 2.68e-05 0.0002)
(0 2.7e-05 0.0002)
(0.0002 2.7e-05 0.0002)
(0 2.72e-05 0.0002)
(0.0002 2.72e-05 0.0002)
(0 2.74e-05 0.0002)
(0.0002 2.74e-05 0.0002)
(0 2.76e-05 0.0002)
(0.0002 2.76e-05 0.0002)
(0 2.78e-05 0.0002)
(0.0002 2.78e-05 0.0002)
(0 2.8e-05 0.0002)
(0.0002 2.8e-05 0.0002)
(0 2.82e-05 0.0002)
(0.0002 2.82e-05 0.0002)
(0 2.84e-05 0.0002)
(0.0002 2.84e-05 0.0002)
(0 2.86e-05 0.0002)
(0.0002 2.86e-05 0.0002)
(0 2.88e-05 0.0002)
(0.0002 2.88e-05 0.0002)
(0 2.9e-05 0.0002)
(0.0002 2.9e-05 0.0002)
(0 2.92e-05 0.0002)
(0.0002 2.92e-05 0.0002)
(0 2.94e-05 0.0002)
(0.0002 2.94e-05 0.0002)
(0 2.96e-05 0.0002)
(0.0002 2.96e-05 0.0002)
(0 2.98e-05 0.0002)
(0.0002 2.98e-05 0.0002)
(0 3e-05 0.0002)
(0.0002 3e-05 0.0002)
(0 3.02e-05 0.0002)
(0.0002 3.02e-05 0.0002)
(0 3.04e-05 0.0002)
(0.0002 3.04e-05 0.0002)
(0 3.06e-05 0.0002)
(0.0002 3.06e-05 0.0002)
(0 3.08e-05 0.0002)
(0.0002 3.08e-05 0.0002)
(0 3.1e-05 0.0002)
(0.0002 3.1e-05 0.0002)
(0 3.12e-05 0.0002)
(0.0002 3.12e-05 0.0002)
(0 3.14e-05 0.0002)
(0.0002 3.14e-05 0.0002)
(0 3.16e-05 0.0002)
(0.0002 3.16e-05 0.0002)
(0 3.18e-05 0.0002)
(0.0002 3.18e-05 0.0002)
(0 3.2e-05 0.0002)
(0.0002 3.2e-05 0.0002)
(0 3.22e-05 0.0002)
(0.0002 3.22e-05 0.0002)
(0 3.24e-05 0.0002)
(0.0002 3.24e-05 0.0002)
(0 3.26e-05 0.0002)
(0.0002 3.26e-05 0.0002)
(0 3.28e-05 0.0002)
(0.0002 3.28e-05 0.0002)
(0 3.3e-05 0.0002)
(0.0002 3.3e-05 0.0002)
(0 3.32e-05 0.0002)
(0.0002 3.32e-05 0.0002)
(0 3.34e-05 0.0002)
(0.0002 3.34e-05 0.0002)
(0 3.36e-05 0.0002)
(0.0002 3.36e-05 0.0002)
(0 3.38e-05 0.0002)
(0.0002 3.38e-05 0.0002)
(0 3.4e-05 0.0002)
(0.0002 3.4e-05 0.0002)
(0 3.42e-05 0.0002)
(0.0002 3.42e-05 0.0002)
(0 3.44e-05 0.0002)
(0.0002 3.44e-05 0.0002)
(0 3.46e-05 0.0002)
(0.0002 3.46e-05 0.0002)
(0 3.48e-05 0.0002)
(0.0002 3.48e-05 0.0002)
(0 3.5e-05 0.0002)
(0.0002 3.5e-05 0.0002)
(0 3.52e-05 0.0002)
(0.0002 3.52e-05 0.0002)
(0 3.54e-05 0.0002)
(0.0002 3.54e-05 0.0002)
(0 3.56e-05 0.0002)
(0.0002 3.56e-05 0.0002)
(0 3.58e-05 0.0002)
(0.0002 3.58e-05 0.0002)
(0 3.6e-05 0.0002)
(0.0002 3.6e-05 0.0002)
(0 3.62e-05 0.0002)
(0.0002 3.62e-05 0.0002)
(0 3.64e-05 0.0002)
(0.0002 3.64e-05 0.0002)
(0 3.66e-05 0.0002)
(0.0002 3.66e-05 0.0002)
(0 3.68e-05 0.0002)
(0.0002 3.68e-05 0.0002)
(0 3.7e-05 0.0002)
(0.0002 3.7e-05 0.0002)
(0 3.72e-05 0.0002)
(0.0002 3.72e-05 0.0002)
(0 3.74e-05 0.0002)
(0.0002 3.74e-05 0.0002)
(0 3.76e-05 0.0002)
(0.0002 3.76e-05 0.0002)
(0 3.78e-05 0.0002)
(0.0002 3.78e-05 0.0002)
(0 3.8e-05 0.0002)
(0.0002 3.8e-05 0.0002)
(0 3.82e-05 0.0002)
(0.0002 3.82e-05 0.0002)
(0 3.84e-05 0.0002)
(0.0002 3.84e-05 0.0002)
(0 3.86e-05 0.0002)
(0.0002 3.86e-05 0.0002)
(0 3.88e-05 0.0002)
(0.0002 3.88e-05 0.0002)
(0 3.9e-05 0.0002)
(0.0002 3.9e-05 0.0002)
(0 3.92e-05 0.0002)
(0.0002 3.92e-05 0.0002)
(0 3.94e-05 0.0002)
(0.0002 3.94e-05 0.0002)
(0 3.96e-05 0.0002)
(0.0002 3.96e-05 0.0002)
(0 3.98e-05 0.0002)
(0.0002 3.98e-05 0.0002)
(0 4e-05 0.0002)
(0.0002 4e-05 0.0002)
(0 4.02e-05 0.0002)
(0.0002 4.02e-05 0.0002)
(0 4.04e-05 0.0002)
(0.0002 4.04e-05 0.0002)
(0 4.06e-05 0.0002)
(0.0002 4.06e-05 0.0002)
(0 4.08e-05 0.0002)
(0.0002 4.08e-05 0.0002)
(0 4.1e-05 0.0002)
(0.0002 4.1e-05 0.0002)
(0 4.12e-05 0.0002)
(0.0002 4.12e-05 0.0002)
(0 4.14e-05 0.0002)
(0.0002 4.14e-05 0.0002)
(0 4.16e-05 0.0002)
(0.0002 4.16e-05 0.0002)
(0 4.18e-05 0.0002)
(0.0002 4.18e-05 0.0002)
(0 4.2e-05 0.0002)
(0.0002 4.2e-05 0.0002)
(0 4.22e-05 0.0002)
(0.0002 4.22e-05 0.0002)
(0 4.24e-05 0.0002)
(0.0002 4.24e-05 0.0002)
(0 4.26e-05 0.0002)
(0.0002 4.26e-05 0.0002)
(0 4.28e-05 0.0002)
(0.0002 4.28e-05 0.0002)
(0 4.3e-05 0.0002)
(0.0002 4.3e-05 0.0002)
(0 4.32e-05 0.0002)
(0.0002 4.32e-05 0.0002)
(0 4.34e-05 0.0002)
(0.0002 4.34e-05 0.0002)
(0 4.36e-05 0.0002)
(0.0002 4.36e-05 0.0002)
(0 4.38e-05 0.0002)
(0.0002 4.38e-05 0.0002)
(0 4.4e-05 0.0002)
(0.0002 4.4e-05 0.0002)
(0 4.42e-05 0.0002)
(0.0002 4.42e-05 0.0002)
(0 4.44e-05 0.0002)
(0.0002 4.44e-05 0.0002)
(0 4.46e-05 0.0002)
(0.0002 4.46e-05 0.0002)
(0 4.48e-05 0.0002)
(0.0002 4.48e-05 0.0002)
(0 4.5e-05 0.0002)
(0.0002 4.5e-05 0.0002)
(0 4.52e-05 0.0002)
(0.0002 4.52e-05 0.0002)
(0 4.54e-05 0.0002)
(0.0002 4.54e-05 0.0002)
(0 4.56e-05 0.0002)
(0.0002 4.56e-05 0.0002)
(0 4.58e-05 0.0002)
(0.0002 4.58e-05 0.0002)
(0 4.6e-05 0.0002)
(0.0002 4.6e-05 0.0002)
(0 4.62e-05 0.0002)
(0.0002 4.62e-05 0.0002)
(0 4.64e-05 0.0002)
(0.0002 4.64e-05 0.0002)
(0 4.66e-05 0.0002)
(0.0002 4.66e-05 0.0002)
(0 4.68e-05 0.0002)
(0.0002 4.68e-05 0.0002)
(0 4.7e-05 0.0002)
(0.0002 4.7e-05 0.0002)
(0 4.72e-05 0.0002)
(0.0002 4.72e-05 0.0002)
(0 4.74e-05 0.0002)
(0.0002 4.74e-05 0.0002)
(0 4.76e-05 0.0002)
(0.0002 4.76e-05 0.0002)
(0 4.78e-05 0.0002)
(0.0002 4.78e-05 0.0002)
(0 4.8e-05 0.0002)
(0.0002 4.8e-05 0.0002)
(0 4.82e-05 0.0002)
(0.0002 4.82e-05 0.0002)
(0 4.84e-05 0.0002)
(0.0002 4.84e-05 0.0002)
(0 4.86e-05 0.0002)
(0.0002 4.86e-05 0.0002)
(0 4.88e-05 0.0002)
(0.0002 4.88e-05 0.0002)
(0 4.9e-05 0.0002)
(0.0002 4.9e-05 0.0002)
(0 4.92e-05 0.0002)
(0.0002 4.92e-05 0.0002)
(0 4.94e-05 0.0002)
(0.0002 4.94e-05 0.0002)
(0 4.96e-05 0.0002)
(0.0002 4.96e-05 0.0002)
(0 4.98e-05 0.0002)
(0.0002 4.98e-05 0.0002)
(0 5e-05 0.0002)
(0.0002 5e-05 0.0002)
(0 5.02e-05 0.0002)
(0.0002 5.02e-05 0.0002)
(0 5.04e-05 0.0002)
(0.0002 5.04e-05 0.0002)
(0 5.06e-05 0.0002)
(0.0002 5.06e-05 0.0002)
(0 5.08e-05 0.0002)
(0.0002 5.08e-05 0.0002)
(0 5.1e-05 0.0002)
(0.0002 5.1e-05 0.0002)
(0 5.12e-05 0.0002)
(0.0002 5.12e-05 0.0002)
(0 5.14e-05 0.0002)
(0.0002 5.14e-05 0.0002)
(0 5.16e-05 0.0002)
(0.0002 5.16e-05 0.0002)
(0 5.18e-05 0.0002)
(0.0002 5.18e-05 0.0002)
(0 5.2e-05 0.0002)
(0.0002 5.2e-05 0.0002)
(0 5.22e-05 0.0002)
(0.0002 5.22e-05 0.0002)
(0 5.24e-05 0.0002)
(0.0002 5.24e-05 0.0002)
(0 5.26e-05 0.0002)
(0.0002 5.26e-05 0.0002)
(0 5.28e-05 0.0002)
(0.0002 5.28e-05 0.0002)
(0 5.3e-05 0.0002)
(0.0002 5.3e-05 0.0002)
(0 5.32e-05 0.0002)
(0.0002 5.32e-05 0.0002)
(0 5.34e-05 0.0002)
(0.0002 5.34e-05 0.0002)
(0 5.36e-05 0.0002)
(0.0002 5.36e-05 0.0002)
(0 5.38e-05 0.0002)
(0.0002 5.38e-05 0.0002)
(0 5.4e-05 0.0002)
(0.0002 5.4e-05 0.0002)
(0 5.42e-05 0.0002)
(0.0002 5.42e-05 0.0002)
(0 5.44e-05 0.0002)
(0.0002 5.44e-05 0.0002)
(0 5.46e-05 0.0002)
(0.0002 5.46e-05 0.0002)
(0 5.48e-05 0.0002)
(0.0002 5.48e-05 0.0002)
(0 5.5e-05 0.0002)
(0.0002 5.5e-05 0.0002)
(0 5.52e-05 0.0002)
(0.0002 5.52e-05 0.0002)
(0 5.54e-05 0.0002)
(0.0002 5.54e-05 0.0002)
(0 5.56e-05 0.0002)
(0.0002 5.56e-05 0.0002)
(0 5.58e-05 0.0002)
(0.0002 5.58e-05 0.0002)
(0 5.6e-05 0.0002)
(0.0002 5.6e-05 0.0002)
(0 5.62e-05 0.0002)
(0.0002 5.62e-05 0.0002)
(0 5.64e-05 0.0002)
(0.0002 5.64e-05 0.0002)
(0 5.66e-05 0.0002)
(0.0002 5.66e-05 0.0002)
(0 5.68e-05 0.0002)
(0.0002 5.68e-05 0.0002)
(0 5.7e-05 0.0002)
(0.0002 5.7e-05 0.0002)
(0 5.72e-05 0.0002)
(0.0002 5.72e-05 0.0002)
(0 5.74e-05 0.0002)
(0.0002 5.74e-05 0.0002)
(0 5.76e-05 0.0002)
(0.0002 5.76e-05 0.0002)
(0 5.78e-05 0.0002)
(0.0002 5.78e-05 0.0002)
(0 5.8e-05 0.0002)
(0.0002 5.8e-05 0.0002)
(0 5.82e-05 0.0002)
(0.0002 5.82e-05 0.0002)
(0 5.84e-05 0.0002)
(0.0002 5.84e-05 0.0002)
(0 5.86e-05 0.0002)
(0.0002 5.86e-05 0.0002)
(0 5.88e-05 0.0002)
(0.0002 5.88e-05 0.0002)
(0 5.9e-05 0.0002)
(0.0002 5.9e-05 0.0002)
(0 5.92e-05 0.0002)
(0.0002 5.92e-05 0.0002)
(0 5.94e-05 0.0002)
(0.0002 5.94e-05 0.0002)
(0 5.96e-05 0.0002)
(0.0002 5.96e-05 0.0002)
(0 5.98e-05 0.0002)
(0.0002 5.98e-05 0.0002)
(0 6e-05 0.0002)
(0.0002 6e-05 0.0002)
(0 6.02e-05 0.0002)
(0.0002 6.02e-05 0.0002)
(0 6.04e-05 0.0002)
(0.0002 6.04e-05 0.0002)
(0 6.06e-05 0.0002)
(0.0002 6.06e-05 0.0002)
(0 6.08e-05 0.0002)
(0.0002 6.08e-05 0.0002)
(0 6.1e-05 0.0002)
(0.0002 6.1e-05 0.0002)
(0 6.12e-05 0.0002)
(0.0002 6.12e-05 0.0002)
(0 6.14e-05 0.0002)
(0.0002 6.14e-05 0.0002)
(0 6.16e-05 0.0002)
(0.0002 6.16e-05 0.0002)
(0 6.18e-05 0.0002)
(0.0002 6.18e-05 0.0002)
(0 6.2e-05 0.0002)
(0.0002 6.2e-05 0.0002)
(0 6.22e-05 0.0002)
(0.0002 6.22e-05 0.0002)
(0 6.24e-05 0.0002)
(0.0002 6.24e-05 0.0002)
(0 6.26e-05 0.0002)
(0.0002 6.26e-05 0.0002)
(0 6.28e-05 0.0002)
(0.0002 6.28e-05 0.0002)
(0 6.3e-05 0.0002)
(0.0002 6.3e-05 0.0002)
(0 6.32e-05 0.0002)
(0.0002 6.32e-05 0.0002)
(0 6.34e-05 0.0002)
(0.0002 6.34e-05 0.0002)
(0 6.36e-05 0.0002)
(0.0002 6.36e-05 0.0002)
(0 6.38e-05 0.0002)
(0.0002 6.38e-05 0.0002)
(0 6.4e-05 0.0002)
(0.0002 6.4e-05 0.0002)
(0 6.42e-05 0.0002)
(0.0002 6.42e-05 0.0002)
(0 6.44e-05 0.0002)
(0.0002 6.44e-05 0.0002)
(0 6.46e-05 0.0002)
(0.0002 6.46e-05 0.0002)
(0 6.48e-05 0.0002)
(0.0002 6.48e-05 0.0002)
(0 6.5e-05 0.0002)
(0.0002 6.5e-05 0.0002)
(0 6.52e-05 0.0002)
(0.0002 6.52e-05 0.0002)
(0 6.54e-05 0.0002)
(0.0002 6.54e-05 0.0002)
(0 6.56e-05 0.0002)
(0.0002 6.56e-05 0.0002)
(0 6.58e-05 0.0002)
(0.0002 6.58e-05 0.0002)
(0 6.6e-05 0.0002)
(0.0002 6.6e-05 0.0002)
(0 6.62e-05 0.0002)
(0.0002 6.62e-05 0.0002)
(0 6.64e-05 0.0002)
(0.0002 6.64e-05 0.0002)
(0 6.66e-05 0.0002)
(0.0002 6.66e-05 0.0002)
(0 6.68e-05 0.0002)
(0.0002 6.68e-05 0.0002)
(0 6.7e-05 0.0002)
(0.0002 6.7e-05 0.0002)
(0 6.72e-05 0.0002)
(0.0002 6.72e-05 0.0002)
(0 6.74e-05 0.0002)
(0.0002 6.74e-05 0.0002)
(0 6.76e-05 0.0002)
(0.0002 6.76e-05 0.0002)
(0 6.78e-05 0.0002)
(0.0002 6.78e-05 0.0002)
(0 6.8e-05 0.0002)
(0.0002 6.8e-05 0.0002)
(0 6.82e-05 0.0002)
(0.0002 6.82e-05 0.0002)
(0 6.84e-05 0.0002)
(0.0002 6.84e-05 0.0002)
(0 6.86e-05 0.0002)
(0.0002 6.86e-05 0.0002)
(0 6.88e-05 0.0002)
(0.0002 6.88e-05 0.0002)
(0 6.9e-05 0.0002)
(0.0002 6.9e-05 0.0002)
(0 6.92e-05 0.0002)
(0.0002 6.92e-05 0.0002)
(0 6.94e-05 0.0002)
(0.0002 6.94e-05 0.0002)
(0 6.96e-05 0.0002)
(0.0002 6.96e-05 0.0002)
(0 6.98e-05 0.0002)
(0.0002 6.98e-05 0.0002)
(0 7e-05 0.0002)
(0.0002 7e-05 0.0002)
(0 7.02e-05 0.0002)
(0.0002 7.02e-05 0.0002)
(0 7.04e-05 0.0002)
(0.0002 7.04e-05 0.0002)
(0 7.06e-05 0.0002)
(0.0002 7.06e-05 0.0002)
(0 7.08e-05 0.0002)
(0.0002 7.08e-05 0.0002)
(0 7.1e-05 0.0002)
(0.0002 7.1e-05 0.0002)
(0 7.12e-05 0.0002)
(0.0002 7.12e-05 0.0002)
(0 7.14e-05 0.0002)
(0.0002 7.14e-05 0.0002)
(0 7.16e-05 0.0002)
(0.0002 7.16e-05 0.0002)
(0 7.18e-05 0.0002)
(0.0002 7.18e-05 0.0002)
(0 7.2e-05 0.0002)
(0.0002 7.2e-05 0.0002)
(0 7.22e-05 0.0002)
(0.0002 7.22e-05 0.0002)
(0 7.24e-05 0.0002)
(0.0002 7.24e-05 0.0002)
(0 7.26e-05 0.0002)
(0.0002 7.26e-05 0.0002)
(0 7.28e-05 0.0002)
(0.0002 7.28e-05 0.0002)
(0 7.3e-05 0.0002)
(0.0002 7.3e-05 0.0002)
(0 7.32e-05 0.0002)
(0.0002 7.32e-05 0.0002)
(0 7.34e-05 0.0002)
(0.0002 7.34e-05 0.0002)
(0 7.36e-05 0.0002)
(0.0002 7.36e-05 0.0002)
(0 7.38e-05 0.0002)
(0.0002 7.38e-05 0.0002)
(0 7.4e-05 0.0002)
(0.0002 7.4e-05 0.0002)
(0 7.42e-05 0.0002)
(0.0002 7.42e-05 0.0002)
(0 7.44e-05 0.0002)
(0.0002 7.44e-05 0.0002)
(0 7.46e-05 0.0002)
(0.0002 7.46e-05 0.0002)
(0 7.48e-05 0.0002)
(0.0002 7.48e-05 0.0002)
(0 7.5e-05 0.0002)
(0.0002 7.5e-05 0.0002)
(0 7.52e-05 0.0002)
(0.0002 7.52e-05 0.0002)
(0 7.54e-05 0.0002)
(0.0002 7.54e-05 0.0002)
(0 7.56e-05 0.0002)
(0.0002 7.56e-05 0.0002)
(0 7.58e-05 0.0002)
(0.0002 7.58e-05 0.0002)
(0 7.6e-05 0.0002)
(0.0002 7.6e-05 0.0002)
(0 7.62e-05 0.0002)
(0.0002 7.62e-05 0.0002)
(0 7.64e-05 0.0002)
(0.0002 7.64e-05 0.0002)
(0 7.66e-05 0.0002)
(0.0002 7.66e-05 0.0002)
(0 7.68e-05 0.0002)
(0.0002 7.68e-05 0.0002)
(0 7.7e-05 0.0002)
(0.0002 7.7e-05 0.0002)
(0 7.72e-05 0.0002)
(0.0002 7.72e-05 0.0002)
(0 7.74e-05 0.0002)
(0.0002 7.74e-05 0.0002)
(0 7.76e-05 0.0002)
(0.0002 7.76e-05 0.0002)
(0 7.78e-05 0.0002)
(0.0002 7.78e-05 0.0002)
(0 7.8e-05 0.0002)
(0.0002 7.8e-05 0.0002)
(0 7.82e-05 0.0002)
(0.0002 7.82e-05 0.0002)
(0 7.84e-05 0.0002)
(0.0002 7.84e-05 0.0002)
(0 7.86e-05 0.0002)
(0.0002 7.86e-05 0.0002)
(0 7.88e-05 0.0002)
(0.0002 7.88e-05 0.0002)
(0 7.9e-05 0.0002)
(0.0002 7.9e-05 0.0002)
(0 7.92e-05 0.0002)
(0.0002 7.92e-05 0.0002)
(0 7.94e-05 0.0002)
(0.0002 7.94e-05 0.0002)
(0 7.96e-05 0.0002)
(0.0002 7.96e-05 0.0002)
(0 7.98e-05 0.0002)
(0.0002 7.98e-05 0.0002)
(0 8e-05 0.0002)
(0.0002 8e-05 0.0002)
(0 8.02e-05 0.0002)
(0.0002 8.02e-05 0.0002)
(0 8.04e-05 0.0002)
(0.0002 8.04e-05 0.0002)
(0 8.06e-05 0.0002)
(0.0002 8.06e-05 0.0002)
(0 8.08e-05 0.0002)
(0.0002 8.08e-05 0.0002)
(0 8.1e-05 0.0002)
(0.0002 8.1e-05 0.0002)
(0 8.12e-05 0.0002)
(0.0002 8.12e-05 0.0002)
(0 8.14e-05 0.0002)
(0.0002 8.14e-05 0.0002)
(0 8.16e-05 0.0002)
(0.0002 8.16e-05 0.0002)
(0 8.18e-05 0.0002)
(0.0002 8.18e-05 0.0002)
(0 8.2e-05 0.0002)
(0.0002 8.2e-05 0.0002)
(0 8.22e-05 0.0002)
(0.0002 8.22e-05 0.0002)
(0 8.24e-05 0.0002)
(0.0002 8.24e-05 0.0002)
(0 8.26e-05 0.0002)
(0.0002 8.26e-05 0.0002)
(0 8.28e-05 0.0002)
(0.0002 8.28e-05 0.0002)
(0 8.3e-05 0.0002)
(0.0002 8.3e-05 0.0002)
(0 8.32e-05 0.0002)
(0.0002 8.32e-05 0.0002)
(0 8.34e-05 0.0002)
(0.0002 8.34e-05 0.0002)
(0 8.36e-05 0.0002)
(0.0002 8.36e-05 0.0002)
(0 8.38e-05 0.0002)
(0.0002 8.38e-05 0.0002)
(0 8.4e-05 0.0002)
(0.0002 8.4e-05 0.0002)
(0 8.42e-05 0.0002)
(0.0002 8.42e-05 0.0002)
(0 8.44e-05 0.0002)
(0.0002 8.44e-05 0.0002)
(0 8.46e-05 0.0002)
(0.0002 8.46e-05 0.0002)
(0 8.48e-05 0.0002)
(0.0002 8.48e-05 0.0002)
(0 8.5e-05 0.0002)
(0.0002 8.5e-05 0.0002)
(0 8.52e-05 0.0002)
(0.0002 8.52e-05 0.0002)
(0 8.54e-05 0.0002)
(0.0002 8.54e-05 0.0002)
(0 8.56e-05 0.0002)
(0.0002 8.56e-05 0.0002)
(0 8.58e-05 0.0002)
(0.0002 8.58e-05 0.0002)
(0 8.6e-05 0.0002)
(0.0002 8.6e-05 0.0002)
(0 8.62e-05 0.0002)
(0.0002 8.62e-05 0.0002)
(0 8.64e-05 0.0002)
(0.0002 8.64e-05 0.0002)
(0 8.66e-05 0.0002)
(0.0002 8.66e-05 0.0002)
(0 8.68e-05 0.0002)
(0.0002 8.68e-05 0.0002)
(0 8.7e-05 0.0002)
(0.0002 8.7e-05 0.0002)
(0 8.72e-05 0.0002)
(0.0002 8.72e-05 0.0002)
(0 8.74e-05 0.0002)
(0.0002 8.74e-05 0.0002)
(0 8.76e-05 0.0002)
(0.0002 8.76e-05 0.0002)
(0 8.78e-05 0.0002)
(0.0002 8.78e-05 0.0002)
(0 8.8e-05 0.0002)
(0.0002 8.8e-05 0.0002)
(0 8.82e-05 0.0002)
(0.0002 8.82e-05 0.0002)
(0 8.84e-05 0.0002)
(0.0002 8.84e-05 0.0002)
(0 8.86e-05 0.0002)
(0.0002 8.86e-05 0.0002)
(0 8.88e-05 0.0002)
(0.0002 8.88e-05 0.0002)
(0 8.9e-05 0.0002)
(0.0002 8.9e-05 0.0002)
(0 8.92e-05 0.0002)
(0.0002 8.92e-05 0.0002)
(0 8.94e-05 0.0002)
(0.0002 8.94e-05 0.0002)
(0 8.96e-05 0.0002)
(0.0002 8.96e-05 0.0002)
(0 8.98e-05 0.0002)
(0.0002 8.98e-05 0.0002)
(0 9e-05 0.0002)
(0.0002 9e-05 0.0002)
(0 9.02e-05 0.0002)
(0.0002 9.02e-05 0.0002)
(0 9.04e-05 0.0002)
(0.0002 9.04e-05 0.0002)
(0 9.06e-05 0.0002)
(0.0002 9.06e-05 0.0002)
(0 9.08e-05 0.0002)
(0.0002 9.08e-05 0.0002)
(0 9.1e-05 0.0002)
(0.0002 9.1e-05 0.0002)
(0 9.12e-05 0.0002)
(0.0002 9.12e-05 0.0002)
(0 9.14e-05 0.0002)
(0.0002 9.14e-05 0.0002)
(0 9.16e-05 0.0002)
(0.0002 9.16e-05 0.0002)
(0 9.18e-05 0.0002)
(0.0002 9.18e-05 0.0002)
(0 9.2e-05 0.0002)
(0.0002 9.2e-05 0.0002)
(0 9.22e-05 0.0002)
(0.0002 9.22e-05 0.0002)
(0 9.24e-05 0.0002)
(0.0002 9.24e-05 0.0002)
(0 9.26e-05 0.0002)
(0.0002 9.26e-05 0.0002)
(0 9.28e-05 0.0002)
(0.0002 9.28e-05 0.0002)
(0 9.3e-05 0.0002)
(0.0002 9.3e-05 0.0002)
(0 9.32e-05 0.0002)
(0.0002 9.32e-05 0.0002)
(0 9.34e-05 0.0002)
(0.0002 9.34e-05 0.0002)
(0 9.36e-05 0.0002)
(0.0002 9.36e-05 0.0002)
(0 9.38e-05 0.0002)
(0.0002 9.38e-05 0.0002)
(0 9.4e-05 0.0002)
(0.0002 9.4e-05 0.0002)
(0 9.42e-05 0.0002)
(0.0002 9.42e-05 0.0002)
(0 9.44e-05 0.0002)
(0.0002 9.44e-05 0.0002)
(0 9.46e-05 0.0002)
(0.0002 9.46e-05 0.0002)
(0 9.48e-05 0.0002)
(0.0002 9.48e-05 0.0002)
(0 9.5e-05 0.0002)
(0.0002 9.5e-05 0.0002)
(0 9.52e-05 0.0002)
(0.0002 9.52e-05 0.0002)
(0 9.54e-05 0.0002)
(0.0002 9.54e-05 0.0002)
(0 9.56e-05 0.0002)
(0.0002 9.56e-05 0.0002)
(0 9.58e-05 0.0002)
(0.0002 9.58e-05 0.0002)
(0 9.6e-05 0.0002)
(0.0002 9.6e-05 0.0002)
(0 9.62e-05 0.0002)
(0.0002 9.62e-05 0.0002)
(0 9.64e-05 0.0002)
(0.0002 9.64e-05 0.0002)
(0 9.66e-05 0.0002)
(0.0002 9.66e-05 0.0002)
(0 9.68e-05 0.0002)
(0.0002 9.68e-05 0.0002)
(0 9.7e-05 0.0002)
(0.0002 9.7e-05 0.0002)
(0 9.72e-05 0.0002)
(0.0002 9.72e-05 0.0002)
(0 9.74e-05 0.0002)
(0.0002 9.74e-05 0.0002)
(0 9.76e-05 0.0002)
(0.0002 9.76e-05 0.0002)
(0 9.78e-05 0.0002)
(0.0002 9.78e-05 0.0002)
(0 9.8e-05 0.0002)
(0.0002 9.8e-05 0.0002)
(0 9.82e-05 0.0002)
(0.0002 9.82e-05 0.0002)
(0 9.84e-05 0.0002)
(0.0002 9.84e-05 0.0002)
(0 9.86e-05 0.0002)
(0.0002 9.86e-05 0.0002)
(0 9.88e-05 0.0002)
(0.0002 9.88e-05 0.0002)
(0 9.9e-05 0.0002)
(0.0002 9.9e-05 0.0002)
(0 9.92e-05 0.0002)
(0.0002 9.92e-05 0.0002)
(0 9.94e-05 0.0002)
(0.0002 9.94e-05 0.0002)
(0 9.96e-05 0.0002)
(0.0002 9.96e-05 0.0002)
(0 9.98e-05 0.0002)
(0.0002 9.98e-05 0.0002)
(0 0.0001 0.0002)
(0.0002 0.0001 0.0002)
(0 0.0001002 0.0002)
(0.0002 0.0001002 0.0002)
(0 0.0001004 0.0002)
(0.0002 0.0001004 0.0002)
(0 0.0001006 0.0002)
(0.0002 0.0001006 0.0002)
(0 0.0001008 0.0002)
(0.0002 0.0001008 0.0002)
(0 0.000101 0.0002)
(0.0002 0.000101 0.0002)
(0 0.0001012 0.0002)
(0.0002 0.0001012 0.0002)
(0 0.0001014 0.0002)
(0.0002 0.0001014 0.0002)
(0 0.0001016 0.0002)
(0.0002 0.0001016 0.0002)
(0 0.0001018 0.0002)
(0.0002 0.0001018 0.0002)
(0 0.000102 0.0002)
(0.0002 0.000102 0.0002)
(0 0.0001022 0.0002)
(0.0002 0.0001022 0.0002)
(0 0.0001024 0.0002)
(0.0002 0.0001024 0.0002)
(0 0.0001026 0.0002)
(0.0002 0.0001026 0.0002)
(0 0.0001028 0.0002)
(0.0002 0.0001028 0.0002)
(0 0.000103 0.0002)
(0.0002 0.000103 0.0002)
(0 0.0001032 0.0002)
(0.0002 0.0001032 0.0002)
(0 0.0001034 0.0002)
(0.0002 0.0001034 0.0002)
(0 0.0001036 0.0002)
(0.0002 0.0001036 0.0002)
(0 0.0001038 0.0002)
(0.0002 0.0001038 0.0002)
(0 0.000104 0.0002)
(0.0002 0.000104 0.0002)
(0 0.0001042 0.0002)
(0.0002 0.0001042 0.0002)
(0 0.0001044 0.0002)
(0.0002 0.0001044 0.0002)
(0 0.0001046 0.0002)
(0.0002 0.0001046 0.0002)
(0 0.0001048 0.0002)
(0.0002 0.0001048 0.0002)
(0 0.000105 0.0002)
(0.0002 0.000105 0.0002)
(0 0.0001052 0.0002)
(0.0002 0.0001052 0.0002)
(0 0.0001054 0.0002)
(0.0002 0.0001054 0.0002)
(0 0.0001056 0.0002)
(0.0002 0.0001056 0.0002)
(0 0.0001058 0.0002)
(0.0002 0.0001058 0.0002)
(0 0.000106 0.0002)
(0.0002 0.000106 0.0002)
(0 0.0001062 0.0002)
(0.0002 0.0001062 0.0002)
(0 0.0001064 0.0002)
(0.0002 0.0001064 0.0002)
(0 0.0001066 0.0002)
(0.0002 0.0001066 0.0002)
(0 0.0001068 0.0002)
(0.0002 0.0001068 0.0002)
(0 0.000107 0.0002)
(0.0002 0.000107 0.0002)
(0 0.0001072 0.0002)
(0.0002 0.0001072 0.0002)
(0 0.0001074 0.0002)
(0.0002 0.0001074 0.0002)
(0 0.0001076 0.0002)
(0.0002 0.0001076 0.0002)
(0 0.0001078 0.0002)
(0.0002 0.0001078 0.0002)
(0 0.000108 0.0002)
(0.0002 0.000108 0.0002)
(0 0.0001082 0.0002)
(0.0002 0.0001082 0.0002)
(0 0.0001084 0.0002)
(0.0002 0.0001084 0.0002)
(0 0.0001086 0.0002)
(0.0002 0.0001086 0.0002)
(0 0.0001088 0.0002)
(0.0002 0.0001088 0.0002)
(0 0.000109 0.0002)
(0.0002 0.000109 0.0002)
(0 0.0001092 0.0002)
(0.0002 0.0001092 0.0002)
(0 0.0001094 0.0002)
(0.0002 0.0001094 0.0002)
(0 0.0001096 0.0002)
(0.0002 0.0001096 0.0002)
(0 0.0001098 0.0002)
(0.0002 0.0001098 0.0002)
(0 0.00011 0.0002)
(0.0002 0.00011 0.0002)
(0 0.0001102 0.0002)
(0.0002 0.0001102 0.0002)
(0 0.0001104 0.0002)
(0.0002 0.0001104 0.0002)
(0 0.0001106 0.0002)
(0.0002 0.0001106 0.0002)
(0 0.0001108 0.0002)
(0.0002 0.0001108 0.0002)
(0 0.000111 0.0002)
(0.0002 0.000111 0.0002)
(0 0.0001112 0.0002)
(0.0002 0.0001112 0.0002)
(0 0.0001114 0.0002)
(0.0002 0.0001114 0.0002)
(0 0.0001116 0.0002)
(0.0002 0.0001116 0.0002)
(0 0.0001118 0.0002)
(0.0002 0.0001118 0.0002)
(0 0.000112 0.0002)
(0.0002 0.000112 0.0002)
(0 0.0001122 0.0002)
(0.0002 0.0001122 0.0002)
(0 0.0001124 0.0002)
(0.0002 0.0001124 0.0002)
(0 0.0001126 0.0002)
(0.0002 0.0001126 0.0002)
(0 0.0001128 0.0002)
(0.0002 0.0001128 0.0002)
(0 0.000113 0.0002)
(0.0002 0.000113 0.0002)
(0 0.0001132 0.0002)
(0.0002 0.0001132 0.0002)
(0 0.0001134 0.0002)
(0.0002 0.0001134 0.0002)
(0 0.0001136 0.0002)
(0.0002 0.0001136 0.0002)
(0 0.0001138 0.0002)
(0.0002 0.0001138 0.0002)
(0 0.000114 0.0002)
(0.0002 0.000114 0.0002)
(0 0.0001142 0.0002)
(0.0002 0.0001142 0.0002)
(0 0.0001144 0.0002)
(0.0002 0.0001144 0.0002)
(0 0.0001146 0.0002)
(0.0002 0.0001146 0.0002)
(0 0.0001148 0.0002)
(0.0002 0.0001148 0.0002)
(0 0.000115 0.0002)
(0.0002 0.000115 0.0002)
(0 0.0001152 0.0002)
(0.0002 0.0001152 0.0002)
(0 0.0001154 0.0002)
(0.0002 0.0001154 0.0002)
(0 0.0001156 0.0002)
(0.0002 0.0001156 0.0002)
(0 0.0001158 0.0002)
(0.0002 0.0001158 0.0002)
(0 0.000116 0.0002)
(0.0002 0.000116 0.0002)
(0 0.0001162 0.0002)
(0.0002 0.0001162 0.0002)
(0 0.0001164 0.0002)
(0.0002 0.0001164 0.0002)
(0 0.0001166 0.0002)
(0.0002 0.0001166 0.0002)
(0 0.0001168 0.0002)
(0.0002 0.0001168 0.0002)
(0 0.000117 0.0002)
(0.0002 0.000117 0.0002)
(0 0.0001172 0.0002)
(0.0002 0.0001172 0.0002)
(0 0.0001174 0.0002)
(0.0002 0.0001174 0.0002)
(0 0.0001176 0.0002)
(0.0002 0.0001176 0.0002)
(0 0.0001178 0.0002)
(0.0002 0.0001178 0.0002)
(0 0.000118 0.0002)
(0.0002 0.000118 0.0002)
(0 0.0001182 0.0002)
(0.0002 0.0001182 0.0002)
(0 0.0001184 0.0002)
(0.0002 0.0001184 0.0002)
(0 0.0001186 0.0002)
(0.0002 0.0001186 0.0002)
(0 0.0001188 0.0002)
(0.0002 0.0001188 0.0002)
(0 0.000119 0.0002)
(0.0002 0.000119 0.0002)
(0 0.0001192 0.0002)
(0.0002 0.0001192 0.0002)
(0 0.0001194 0.0002)
(0.0002 0.0001194 0.0002)
(0 0.0001196 0.0002)
(0.0002 0.0001196 0.0002)
(0 0.0001198 0.0002)
(0.0002 0.0001198 0.0002)
(0 0.00012 0.0002)
(0.0002 0.00012 0.0002)
(0 0.0001202 0.0002)
(0.0002 0.0001202 0.0002)
(0 0.0001204 0.0002)
(0.0002 0.0001204 0.0002)
(0 0.0001206 0.0002)
(0.0002 0.0001206 0.0002)
(0 0.0001208 0.0002)
(0.0002 0.0001208 0.0002)
(0 0.000121 0.0002)
(0.0002 0.000121 0.0002)
(0 0.0001212 0.0002)
(0.0002 0.0001212 0.0002)
(0 0.0001214 0.0002)
(0.0002 0.0001214 0.0002)
(0 0.0001216 0.0002)
(0.0002 0.0001216 0.0002)
(0 0.0001218 0.0002)
(0.0002 0.0001218 0.0002)
(0 0.000122 0.0002)
(0.0002 0.000122 0.0002)
(0 0.0001222 0.0002)
(0.0002 0.0001222 0.0002)
(0 0.0001224 0.0002)
(0.0002 0.0001224 0.0002)
(0 0.0001226 0.0002)
(0.0002 0.0001226 0.0002)
(0 0.0001228 0.0002)
(0.0002 0.0001228 0.0002)
(0 0.000123 0.0002)
(0.0002 0.000123 0.0002)
(0 0.0001232 0.0002)
(0.0002 0.0001232 0.0002)
(0 0.0001234 0.0002)
(0.0002 0.0001234 0.0002)
(0 0.0001236 0.0002)
(0.0002 0.0001236 0.0002)
(0 0.0001238 0.0002)
(0.0002 0.0001238 0.0002)
(0 0.000124 0.0002)
(0.0002 0.000124 0.0002)
(0 0.0001242 0.0002)
(0.0002 0.0001242 0.0002)
(0 0.0001244 0.0002)
(0.0002 0.0001244 0.0002)
(0 0.0001246 0.0002)
(0.0002 0.0001246 0.0002)
(0 0.0001248 0.0002)
(0.0002 0.0001248 0.0002)
(0 0.000125 0.0002)
(0.0002 0.000125 0.0002)
(0 0.0001252 0.0002)
(0.0002 0.0001252 0.0002)
(0 0.0001254 0.0002)
(0.0002 0.0001254 0.0002)
(0 0.0001256 0.0002)
(0.0002 0.0001256 0.0002)
(0 0.0001258 0.0002)
(0.0002 0.0001258 0.0002)
(0 0.000126 0.0002)
(0.0002 0.000126 0.0002)
(0 0.0001262 0.0002)
(0.0002 0.0001262 0.0002)
(0 0.0001264 0.0002)
(0.0002 0.0001264 0.0002)
(0 0.0001266 0.0002)
(0.0002 0.0001266 0.0002)
(0 0.0001268 0.0002)
(0.0002 0.0001268 0.0002)
(0 0.000127 0.0002)
(0.0002 0.000127 0.0002)
(0 0.0001272 0.0002)
(0.0002 0.0001272 0.0002)
(0 0.0001274 0.0002)
(0.0002 0.0001274 0.0002)
(0 0.0001276 0.0002)
(0.0002 0.0001276 0.0002)
(0 0.0001278 0.0002)
(0.0002 0.0001278 0.0002)
(0 0.000128 0.0002)
(0.0002 0.000128 0.0002)
(0 0.0001282 0.0002)
(0.0002 0.0001282 0.0002)
(0 0.0001284 0.0002)
(0.0002 0.0001284 0.0002)
(0 0.0001286 0.0002)
(0.0002 0.0001286 0.0002)
(0 0.0001288 0.0002)
(0.0002 0.0001288 0.0002)
(0 0.000129 0.0002)
(0.0002 0.000129 0.0002)
(0 0.0001292 0.0002)
(0.0002 0.0001292 0.0002)
(0 0.0001294 0.0002)
(0.0002 0.0001294 0.0002)
(0 0.0001296 0.0002)
(0.0002 0.0001296 0.0002)
(0 0.0001298 0.0002)
(0.0002 0.0001298 0.0002)
(0 0.00013 0.0002)
(0.0002 0.00013 0.0002)
(0 0.0001302 0.0002)
(0.0002 0.0001302 0.0002)
(0 0.0001304 0.0002)
(0.0002 0.0001304 0.0002)
(0 0.0001306 0.0002)
(0.0002 0.0001306 0.0002)
(0 0.0001308 0.0002)
(0.0002 0.0001308 0.0002)
(0 0.000131 0.0002)
(0.0002 0.000131 0.0002)
(0 0.0001312 0.0002)
(0.0002 0.0001312 0.0002)
(0 0.0001314 0.0002)
(0.0002 0.0001314 0.0002)
(0 0.0001316 0.0002)
(0.0002 0.0001316 0.0002)
(0 0.0001318 0.0002)
(0.0002 0.0001318 0.0002)
(0 0.000132 0.0002)
(0.0002 0.000132 0.0002)
(0 0.0001322 0.0002)
(0.0002 0.0001322 0.0002)
(0 0.0001324 0.0002)
(0.0002 0.0001324 0.0002)
(0 0.0001326 0.0002)
(0.0002 0.0001326 0.0002)
(0 0.0001328 0.0002)
(0.0002 0.0001328 0.0002)
(0 0.000133 0.0002)
(0.0002 0.000133 0.0002)
(0 0.0001332 0.0002)
(0.0002 0.0001332 0.0002)
(0 0.0001334 0.0002)
(0.0002 0.0001334 0.0002)
(0 0.0001336 0.0002)
(0.0002 0.0001336 0.0002)
(0 0.0001338 0.0002)
(0.0002 0.0001338 0.0002)
(0 0.000134 0.0002)
(0.0002 0.000134 0.0002)
(0 0.0001342 0.0002)
(0.0002 0.0001342 0.0002)
(0 0.0001344 0.0002)
(0.0002 0.0001344 0.0002)
(0 0.0001346 0.0002)
(0.0002 0.0001346 0.0002)
(0 0.0001348 0.0002)
(0.0002 0.0001348 0.0002)
(0 0.000135 0.0002)
(0.0002 0.000135 0.0002)
(0 0.0001352 0.0002)
(0.0002 0.0001352 0.0002)
(0 0.0001354 0.0002)
(0.0002 0.0001354 0.0002)
(0 0.0001356 0.0002)
(0.0002 0.0001356 0.0002)
(0 0.0001358 0.0002)
(0.0002 0.0001358 0.0002)
(0 0.000136 0.0002)
(0.0002 0.000136 0.0002)
(0 0.0001362 0.0002)
(0.0002 0.0001362 0.0002)
(0 0.0001364 0.0002)
(0.0002 0.0001364 0.0002)
(0 0.0001366 0.0002)
(0.0002 0.0001366 0.0002)
(0 0.0001368 0.0002)
(0.0002 0.0001368 0.0002)
(0 0.000137 0.0002)
(0.0002 0.000137 0.0002)
(0 0.0001372 0.0002)
(0.0002 0.0001372 0.0002)
(0 0.0001374 0.0002)
(0.0002 0.0001374 0.0002)
(0 0.0001376 0.0002)
(0.0002 0.0001376 0.0002)
(0 0.0001378 0.0002)
(0.0002 0.0001378 0.0002)
(0 0.000138 0.0002)
(0.0002 0.000138 0.0002)
(0 0.0001382 0.0002)
(0.0002 0.0001382 0.0002)
(0 0.0001384 0.0002)
(0.0002 0.0001384 0.0002)
(0 0.0001386 0.0002)
(0.0002 0.0001386 0.0002)
(0 0.0001388 0.0002)
(0.0002 0.0001388 0.0002)
(0 0.000139 0.0002)
(0.0002 0.000139 0.0002)
(0 0.0001392 0.0002)
(0.0002 0.0001392 0.0002)
(0 0.0001394 0.0002)
(0.0002 0.0001394 0.0002)
(0 0.0001396 0.0002)
(0.0002 0.0001396 0.0002)
(0 0.0001398 0.0002)
(0.0002 0.0001398 0.0002)
(0 0.00014 0.0002)
(0.0002 0.00014 0.0002)
(0 0.0001402 0.0002)
(0.0002 0.0001402 0.0002)
(0 0.0001404 0.0002)
(0.0002 0.0001404 0.0002)
(0 0.0001406 0.0002)
(0.0002 0.0001406 0.0002)
(0 0.0001408 0.0002)
(0.0002 0.0001408 0.0002)
(0 0.000141 0.0002)
(0.0002 0.000141 0.0002)
(0 0.0001412 0.0002)
(0.0002 0.0001412 0.0002)
(0 0.0001414 0.0002)
(0.0002 0.0001414 0.0002)
(0 0.0001416 0.0002)
(0.0002 0.0001416 0.0002)
(0 0.0001418 0.0002)
(0.0002 0.0001418 0.0002)
(0 0.000142 0.0002)
(0.0002 0.000142 0.0002)
(0 0.0001422 0.0002)
(0.0002 0.0001422 0.0002)
(0 0.0001424 0.0002)
(0.0002 0.0001424 0.0002)
(0 0.0001426 0.0002)
(0.0002 0.0001426 0.0002)
(0 0.0001428 0.0002)
(0.0002 0.0001428 0.0002)
(0 0.000143 0.0002)
(0.0002 0.000143 0.0002)
(0 0.0001432 0.0002)
(0.0002 0.0001432 0.0002)
(0 0.0001434 0.0002)
(0.0002 0.0001434 0.0002)
(0 0.0001436 0.0002)
(0.0002 0.0001436 0.0002)
(0 0.0001438 0.0002)
(0.0002 0.0001438 0.0002)
(0 0.000144 0.0002)
(0.0002 0.000144 0.0002)
(0 0.0001442 0.0002)
(0.0002 0.0001442 0.0002)
(0 0.0001444 0.0002)
(0.0002 0.0001444 0.0002)
(0 0.0001446 0.0002)
(0.0002 0.0001446 0.0002)
(0 0.0001448 0.0002)
(0.0002 0.0001448 0.0002)
(0 0.000145 0.0002)
(0.0002 0.000145 0.0002)
(0 0.0001452 0.0002)
(0.0002 0.0001452 0.0002)
(0 0.0001454 0.0002)
(0.0002 0.0001454 0.0002)
(0 0.0001456 0.0002)
(0.0002 0.0001456 0.0002)
(0 0.0001458 0.0002)
(0.0002 0.0001458 0.0002)
(0 0.000146 0.0002)
(0.0002 0.000146 0.0002)
(0 0.0001462 0.0002)
(0.0002 0.0001462 0.0002)
(0 0.0001464 0.0002)
(0.0002 0.0001464 0.0002)
(0 0.0001466 0.0002)
(0.0002 0.0001466 0.0002)
(0 0.0001468 0.0002)
(0.0002 0.0001468 0.0002)
(0 0.000147 0.0002)
(0.0002 0.000147 0.0002)
(0 0.0001472 0.0002)
(0.0002 0.0001472 0.0002)
(0 0.0001474 0.0002)
(0.0002 0.0001474 0.0002)
(0 0.0001476 0.0002)
(0.0002 0.0001476 0.0002)
(0 0.0001478 0.0002)
(0.0002 0.0001478 0.0002)
(0 0.000148 0.0002)
(0.0002 0.000148 0.0002)
(0 0.0001482 0.0002)
(0.0002 0.0001482 0.0002)
(0 0.0001484 0.0002)
(0.0002 0.0001484 0.0002)
(0 0.0001486 0.0002)
(0.0002 0.0001486 0.0002)
(0 0.0001488 0.0002)
(0.0002 0.0001488 0.0002)
(0 0.000149 0.0002)
(0.0002 0.000149 0.0002)
(0 0.0001492 0.0002)
(0.0002 0.0001492 0.0002)
(0 0.0001494 0.0002)
(0.0002 0.0001494 0.0002)
(0 0.0001496 0.0002)
(0.0002 0.0001496 0.0002)
(0 0.0001498 0.0002)
(0.0002 0.0001498 0.0002)
(0 0.00015 0.0002)
(0.0002 0.00015 0.0002)
(0 0.0001502 0.0002)
(0.0002 0.0001502 0.0002)
(0 0.0001504 0.0002)
(0.0002 0.0001504 0.0002)
(0 0.0001506 0.0002)
(0.0002 0.0001506 0.0002)
(0 0.0001508 0.0002)
(0.0002 0.0001508 0.0002)
(0 0.000151 0.0002)
(0.0002 0.000151 0.0002)
(0 0.0001512 0.0002)
(0.0002 0.0001512 0.0002)
(0 0.0001514 0.0002)
(0.0002 0.0001514 0.0002)
(0 0.0001516 0.0002)
(0.0002 0.0001516 0.0002)
(0 0.0001518 0.0002)
(0.0002 0.0001518 0.0002)
(0 0.000152 0.0002)
(0.0002 0.000152 0.0002)
(0 0.0001522 0.0002)
(0.0002 0.0001522 0.0002)
(0 0.0001524 0.0002)
(0.0002 0.0001524 0.0002)
(0 0.0001526 0.0002)
(0.0002 0.0001526 0.0002)
(0 0.0001528 0.0002)
(0.0002 0.0001528 0.0002)
(0 0.000153 0.0002)
(0.0002 0.000153 0.0002)
(0 0.0001532 0.0002)
(0.0002 0.0001532 0.0002)
(0 0.0001534 0.0002)
(0.0002 0.0001534 0.0002)
(0 0.0001536 0.0002)
(0.0002 0.0001536 0.0002)
(0 0.0001538 0.0002)
(0.0002 0.0001538 0.0002)
(0 0.000154 0.0002)
(0.0002 0.000154 0.0002)
(0 0.0001542 0.0002)
(0.0002 0.0001542 0.0002)
(0 0.0001544 0.0002)
(0.0002 0.0001544 0.0002)
(0 0.0001546 0.0002)
(0.0002 0.0001546 0.0002)
(0 0.0001548 0.0002)
(0.0002 0.0001548 0.0002)
(0 0.000155 0.0002)
(0.0002 0.000155 0.0002)
(0 0.0001552 0.0002)
(0.0002 0.0001552 0.0002)
(0 0.0001554 0.0002)
(0.0002 0.0001554 0.0002)
(0 0.0001556 0.0002)
(0.0002 0.0001556 0.0002)
(0 0.0001558 0.0002)
(0.0002 0.0001558 0.0002)
(0 0.000156 0.0002)
(0.0002 0.000156 0.0002)
(0 0.0001562 0.0002)
(0.0002 0.0001562 0.0002)
(0 0.0001564 0.0002)
(0.0002 0.0001564 0.0002)
(0 0.0001566 0.0002)
(0.0002 0.0001566 0.0002)
(0 0.0001568 0.0002)
(0.0002 0.0001568 0.0002)
(0 0.000157 0.0002)
(0.0002 0.000157 0.0002)
(0 0.0001572 0.0002)
(0.0002 0.0001572 0.0002)
(0 0.0001574 0.0002)
(0.0002 0.0001574 0.0002)
(0 0.0001576 0.0002)
(0.0002 0.0001576 0.0002)
(0 0.0001578 0.0002)
(0.0002 0.0001578 0.0002)
(0 0.000158 0.0002)
(0.0002 0.000158 0.0002)
(0 0.0001582 0.0002)
(0.0002 0.0001582 0.0002)
(0 0.0001584 0.0002)
(0.0002 0.0001584 0.0002)
(0 0.0001586 0.0002)
(0.0002 0.0001586 0.0002)
(0 0.0001588 0.0002)
(0.0002 0.0001588 0.0002)
(0 0.000159 0.0002)
(0.0002 0.000159 0.0002)
(0 0.0001592 0.0002)
(0.0002 0.0001592 0.0002)
(0 0.0001594 0.0002)
(0.0002 0.0001594 0.0002)
(0 0.0001596 0.0002)
(0.0002 0.0001596 0.0002)
(0 0.0001598 0.0002)
(0.0002 0.0001598 0.0002)
(0 0.00016 0.0002)
(0.0002 0.00016 0.0002)
(0 0.0001602 0.0002)
(0.0002 0.0001602 0.0002)
(0 0.0001604 0.0002)
(0.0002 0.0001604 0.0002)
(0 0.0001606 0.0002)
(0.0002 0.0001606 0.0002)
(0 0.0001608 0.0002)
(0.0002 0.0001608 0.0002)
(0 0.000161 0.0002)
(0.0002 0.000161 0.0002)
(0 0.0001612 0.0002)
(0.0002 0.0001612 0.0002)
(0 0.0001614 0.0002)
(0.0002 0.0001614 0.0002)
(0 0.0001616 0.0002)
(0.0002 0.0001616 0.0002)
(0 0.0001618 0.0002)
(0.0002 0.0001618 0.0002)
(0 0.000162 0.0002)
(0.0002 0.000162 0.0002)
(0 0.0001622 0.0002)
(0.0002 0.0001622 0.0002)
(0 0.0001624 0.0002)
(0.0002 0.0001624 0.0002)
(0 0.0001626 0.0002)
(0.0002 0.0001626 0.0002)
(0 0.0001628 0.0002)
(0.0002 0.0001628 0.0002)
(0 0.000163 0.0002)
(0.0002 0.000163 0.0002)
(0 0.0001632 0.0002)
(0.0002 0.0001632 0.0002)
(0 0.0001634 0.0002)
(0.0002 0.0001634 0.0002)
(0 0.0001636 0.0002)
(0.0002 0.0001636 0.0002)
(0 0.0001638 0.0002)
(0.0002 0.0001638 0.0002)
(0 0.000164 0.0002)
(0.0002 0.000164 0.0002)
(0 0.0001642 0.0002)
(0.0002 0.0001642 0.0002)
(0 0.0001644 0.0002)
(0.0002 0.0001644 0.0002)
(0 0.0001646 0.0002)
(0.0002 0.0001646 0.0002)
(0 0.0001648 0.0002)
(0.0002 0.0001648 0.0002)
(0 0.000165 0.0002)
(0.0002 0.000165 0.0002)
(0 0.0001652 0.0002)
(0.0002 0.0001652 0.0002)
(0 0.0001654 0.0002)
(0.0002 0.0001654 0.0002)
(0 0.0001656 0.0002)
(0.0002 0.0001656 0.0002)
(0 0.0001658 0.0002)
(0.0002 0.0001658 0.0002)
(0 0.000166 0.0002)
(0.0002 0.000166 0.0002)
(0 0.0001662 0.0002)
(0.0002 0.0001662 0.0002)
(0 0.0001664 0.0002)
(0.0002 0.0001664 0.0002)
(0 0.0001666 0.0002)
(0.0002 0.0001666 0.0002)
(0 0.0001668 0.0002)
(0.0002 0.0001668 0.0002)
(0 0.000167 0.0002)
(0.0002 0.000167 0.0002)
(0 0.0001672 0.0002)
(0.0002 0.0001672 0.0002)
(0 0.0001674 0.0002)
(0.0002 0.0001674 0.0002)
(0 0.0001676 0.0002)
(0.0002 0.0001676 0.0002)
(0 0.0001678 0.0002)
(0.0002 0.0001678 0.0002)
(0 0.000168 0.0002)
(0.0002 0.000168 0.0002)
(0 0.0001682 0.0002)
(0.0002 0.0001682 0.0002)
(0 0.0001684 0.0002)
(0.0002 0.0001684 0.0002)
(0 0.0001686 0.0002)
(0.0002 0.0001686 0.0002)
(0 0.0001688 0.0002)
(0.0002 0.0001688 0.0002)
(0 0.000169 0.0002)
(0.0002 0.000169 0.0002)
(0 0.0001692 0.0002)
(0.0002 0.0001692 0.0002)
(0 0.0001694 0.0002)
(0.0002 0.0001694 0.0002)
(0 0.0001696 0.0002)
(0.0002 0.0001696 0.0002)
(0 0.0001698 0.0002)
(0.0002 0.0001698 0.0002)
(0 0.00017 0.0002)
(0.0002 0.00017 0.0002)
(0 0.0001702 0.0002)
(0.0002 0.0001702 0.0002)
(0 0.0001704 0.0002)
(0.0002 0.0001704 0.0002)
(0 0.0001706 0.0002)
(0.0002 0.0001706 0.0002)
(0 0.0001708 0.0002)
(0.0002 0.0001708 0.0002)
(0 0.000171 0.0002)
(0.0002 0.000171 0.0002)
(0 0.0001712 0.0002)
(0.0002 0.0001712 0.0002)
(0 0.0001714 0.0002)
(0.0002 0.0001714 0.0002)
(0 0.0001716 0.0002)
(0.0002 0.0001716 0.0002)
(0 0.0001718 0.0002)
(0.0002 0.0001718 0.0002)
(0 0.000172 0.0002)
(0.0002 0.000172 0.0002)
(0 0.0001722 0.0002)
(0.0002 0.0001722 0.0002)
(0 0.0001724 0.0002)
(0.0002 0.0001724 0.0002)
(0 0.0001726 0.0002)
(0.0002 0.0001726 0.0002)
(0 0.0001728 0.0002)
(0.0002 0.0001728 0.0002)
(0 0.000173 0.0002)
(0.0002 0.000173 0.0002)
(0 0.0001732 0.0002)
(0.0002 0.0001732 0.0002)
(0 0.0001734 0.0002)
(0.0002 0.0001734 0.0002)
(0 0.0001736 0.0002)
(0.0002 0.0001736 0.0002)
(0 0.0001738 0.0002)
(0.0002 0.0001738 0.0002)
(0 0.000174 0.0002)
(0.0002 0.000174 0.0002)
(0 0.0001742 0.0002)
(0.0002 0.0001742 0.0002)
(0 0.0001744 0.0002)
(0.0002 0.0001744 0.0002)
(0 0.0001746 0.0002)
(0.0002 0.0001746 0.0002)
(0 0.0001748 0.0002)
(0.0002 0.0001748 0.0002)
(0 0.000175 0.0002)
(0.0002 0.000175 0.0002)
(0 0.0001752 0.0002)
(0.0002 0.0001752 0.0002)
(0 0.0001754 0.0002)
(0.0002 0.0001754 0.0002)
(0 0.0001756 0.0002)
(0.0002 0.0001756 0.0002)
(0 0.0001758 0.0002)
(0.0002 0.0001758 0.0002)
(0 0.000176 0.0002)
(0.0002 0.000176 0.0002)
(0 0.0001762 0.0002)
(0.0002 0.0001762 0.0002)
(0 0.0001764 0.0002)
(0.0002 0.0001764 0.0002)
(0 0.0001766 0.0002)
(0.0002 0.0001766 0.0002)
(0 0.0001768 0.0002)
(0.0002 0.0001768 0.0002)
(0 0.000177 0.0002)
(0.0002 0.000177 0.0002)
(0 0.0001772 0.0002)
(0.0002 0.0001772 0.0002)
(0 0.0001774 0.0002)
(0.0002 0.0001774 0.0002)
(0 0.0001776 0.0002)
(0.0002 0.0001776 0.0002)
(0 0.0001778 0.0002)
(0.0002 0.0001778 0.0002)
(0 0.000178 0.0002)
(0.0002 0.000178 0.0002)
(0 0.0001782 0.0002)
(0.0002 0.0001782 0.0002)
(0 0.0001784 0.0002)
(0.0002 0.0001784 0.0002)
(0 0.0001786 0.0002)
(0.0002 0.0001786 0.0002)
(0 0.0001788 0.0002)
(0.0002 0.0001788 0.0002)
(0 0.000179 0.0002)
(0.0002 0.000179 0.0002)
(0 0.0001792 0.0002)
(0.0002 0.0001792 0.0002)
(0 0.0001794 0.0002)
(0.0002 0.0001794 0.0002)
(0 0.0001796 0.0002)
(0.0002 0.0001796 0.0002)
(0 0.0001798 0.0002)
(0.0002 0.0001798 0.0002)
(0 0.00018 0.0002)
(0.0002 0.00018 0.0002)
(0 0.0001802 0.0002)
(0.0002 0.0001802 0.0002)
(0 0.0001804 0.0002)
(0.0002 0.0001804 0.0002)
(0 0.0001806 0.0002)
(0.0002 0.0001806 0.0002)
(0 0.0001808 0.0002)
(0.0002 0.0001808 0.0002)
(0 0.000181 0.0002)
(0.0002 0.000181 0.0002)
(0 0.0001812 0.0002)
(0.0002 0.0001812 0.0002)
(0 0.0001814 0.0002)
(0.0002 0.0001814 0.0002)
(0 0.0001816 0.0002)
(0.0002 0.0001816 0.0002)
(0 0.0001818 0.0002)
(0.0002 0.0001818 0.0002)
(0 0.000182 0.0002)
(0.0002 0.000182 0.0002)
(0 0.0001822 0.0002)
(0.0002 0.0001822 0.0002)
(0 0.0001824 0.0002)
(0.0002 0.0001824 0.0002)
(0 0.0001826 0.0002)
(0.0002 0.0001826 0.0002)
(0 0.0001828 0.0002)
(0.0002 0.0001828 0.0002)
(0 0.000183 0.0002)
(0.0002 0.000183 0.0002)
(0 0.0001832 0.0002)
(0.0002 0.0001832 0.0002)
(0 0.0001834 0.0002)
(0.0002 0.0001834 0.0002)
(0 0.0001836 0.0002)
(0.0002 0.0001836 0.0002)
(0 0.0001838 0.0002)
(0.0002 0.0001838 0.0002)
(0 0.000184 0.0002)
(0.0002 0.000184 0.0002)
(0 0.0001842 0.0002)
(0.0002 0.0001842 0.0002)
(0 0.0001844 0.0002)
(0.0002 0.0001844 0.0002)
(0 0.0001846 0.0002)
(0.0002 0.0001846 0.0002)
(0 0.0001848 0.0002)
(0.0002 0.0001848 0.0002)
(0 0.000185 0.0002)
(0.0002 0.000185 0.0002)
(0 0.0001852 0.0002)
(0.0002 0.0001852 0.0002)
(0 0.0001854 0.0002)
(0.0002 0.0001854 0.0002)
(0 0.0001856 0.0002)
(0.0002 0.0001856 0.0002)
(0 0.0001858 0.0002)
(0.0002 0.0001858 0.0002)
(0 0.000186 0.0002)
(0.0002 0.000186 0.0002)
(0 0.0001862 0.0002)
(0.0002 0.0001862 0.0002)
(0 0.0001864 0.0002)
(0.0002 0.0001864 0.0002)
(0 0.0001866 0.0002)
(0.0002 0.0001866 0.0002)
(0 0.0001868 0.0002)
(0.0002 0.0001868 0.0002)
(0 0.000187 0.0002)
(0.0002 0.000187 0.0002)
(0 0.0001872 0.0002)
(0.0002 0.0001872 0.0002)
(0 0.0001874 0.0002)
(0.0002 0.0001874 0.0002)
(0 0.0001876 0.0002)
(0.0002 0.0001876 0.0002)
(0 0.0001878 0.0002)
(0.0002 0.0001878 0.0002)
(0 0.000188 0.0002)
(0.0002 0.000188 0.0002)
(0 0.0001882 0.0002)
(0.0002 0.0001882 0.0002)
(0 0.0001884 0.0002)
(0.0002 0.0001884 0.0002)
(0 0.0001886 0.0002)
(0.0002 0.0001886 0.0002)
(0 0.0001888 0.0002)
(0.0002 0.0001888 0.0002)
(0 0.000189 0.0002)
(0.0002 0.000189 0.0002)
(0 0.0001892 0.0002)
(0.0002 0.0001892 0.0002)
(0 0.0001894 0.0002)
(0.0002 0.0001894 0.0002)
(0 0.0001896 0.0002)
(0.0002 0.0001896 0.0002)
(0 0.0001898 0.0002)
(0.0002 0.0001898 0.0002)
(0 0.00019 0.0002)
(0.0002 0.00019 0.0002)
(0 0.0001902 0.0002)
(0.0002 0.0001902 0.0002)
(0 0.0001904 0.0002)
(0.0002 0.0001904 0.0002)
(0 0.0001906 0.0002)
(0.0002 0.0001906 0.0002)
(0 0.0001908 0.0002)
(0.0002 0.0001908 0.0002)
(0 0.000191 0.0002)
(0.0002 0.000191 0.0002)
(0 0.0001912 0.0002)
(0.0002 0.0001912 0.0002)
(0 0.0001914 0.0002)
(0.0002 0.0001914 0.0002)
(0 0.0001916 0.0002)
(0.0002 0.0001916 0.0002)
(0 0.0001918 0.0002)
(0.0002 0.0001918 0.0002)
(0 0.000192 0.0002)
(0.0002 0.000192 0.0002)
(0 0.0001922 0.0002)
(0.0002 0.0001922 0.0002)
(0 0.0001924 0.0002)
(0.0002 0.0001924 0.0002)
(0 0.0001926 0.0002)
(0.0002 0.0001926 0.0002)
(0 0.0001928 0.0002)
(0.0002 0.0001928 0.0002)
(0 0.000193 0.0002)
(0.0002 0.000193 0.0002)
(0 0.0001932 0.0002)
(0.0002 0.0001932 0.0002)
(0 0.0001934 0.0002)
(0.0002 0.0001934 0.0002)
(0 0.0001936 0.0002)
(0.0002 0.0001936 0.0002)
(0 0.0001938 0.0002)
(0.0002 0.0001938 0.0002)
(0 0.000194 0.0002)
(0.0002 0.000194 0.0002)
(0 0.0001942 0.0002)
(0.0002 0.0001942 0.0002)
(0 0.0001944 0.0002)
(0.0002 0.0001944 0.0002)
(0 0.0001946 0.0002)
(0.0002 0.0001946 0.0002)
(0 0.0001948 0.0002)
(0.0002 0.0001948 0.0002)
(0 0.000195 0.0002)
(0.0002 0.000195 0.0002)
(0 0.0001952 0.0002)
(0.0002 0.0001952 0.0002)
(0 0.0001954 0.0002)
(0.0002 0.0001954 0.0002)
(0 0.0001956 0.0002)
(0.0002 0.0001956 0.0002)
(0 0.0001958 0.0002)
(0.0002 0.0001958 0.0002)
(0 0.000196 0.0002)
(0.0002 0.000196 0.0002)
(0 0.0001962 0.0002)
(0.0002 0.0001962 0.0002)
(0 0.0001964 0.0002)
(0.0002 0.0001964 0.0002)
(0 0.0001966 0.0002)
(0.0002 0.0001966 0.0002)
(0 0.0001968 0.0002)
(0.0002 0.0001968 0.0002)
(0 0.000197 0.0002)
(0.0002 0.000197 0.0002)
(0 0.0001972 0.0002)
(0.0002 0.0001972 0.0002)
(0 0.0001974 0.0002)
(0.0002 0.0001974 0.0002)
(0 0.0001976 0.0002)
(0.0002 0.0001976 0.0002)
(0 0.0001978 0.0002)
(0.0002 0.0001978 0.0002)
(0 0.000198 0.0002)
(0.0002 0.000198 0.0002)
(0 0.0001982 0.0002)
(0.0002 0.0001982 0.0002)
(0 0.0001984 0.0002)
(0.0002 0.0001984 0.0002)
(0 0.0001986 0.0002)
(0.0002 0.0001986 0.0002)
(0 0.0001988 0.0002)
(0.0002 0.0001988 0.0002)
(0 0.000199 0.0002)
(0.0002 0.000199 0.0002)
(0 0.0001992 0.0002)
(0.0002 0.0001992 0.0002)
(0 0.0001994 0.0002)
(0.0002 0.0001994 0.0002)
(0 0.0001996 0.0002)
(0.0002 0.0001996 0.0002)
(0 0.0001998 0.0002)
(0.0002 0.0001998 0.0002)
(0 0.0002 0.0002)
(0.0002 0.0002 0.0002)
)


// ************************************************************************* //
