/*--------------------------------*- C++ -*----------------------------------*\
| =========                 |                                                 |
| \\      /  F ield         | foam-extend: Open Source CFD                    |
|  \\    /   O peration     | Version:     4.0                                |
|   \\  /    A nd           | Web:         http://www.foam-extend.org         |
|    \\/     M anipulation  |                                                 |
\*---------------------------------------------------------------------------*/
FoamFile
{
    version     2.0;
    format      ascii;
    class       faceList;
    location    "constant/polyMesh";
    object      faces;
}
// * * * * * * * * * * * * * * * * * * * * * * * * * * * * * * * * * * * * * //


1248
(
4(2 502 503 3)
4(4 504 505 5)
4(6 506 507 7)
4(8 508 509 9)
4(10 510 511 11)
4(12 512 513 13)
4(14 514 515 15)
4(16 516 517 17)
4(18 518 519 19)
4(20 520 521 21)
4(22 522 523 23)
4(24 524 525 25)
4(26 526 527 27)
4(28 528 529 29)
4(30 530 531 31)
4(32 532 533 33)
4(34 534 535 35)
4(36 536 537 37)
4(38 538 539 39)
4(40 540 541 41)
4(42 542 543 43)
4(44 544 545 45)
4(46 546 547 47)
4(48 548 549 49)
4(50 550 551 51)
4(52 552 553 53)
4(54 554 555 55)
4(56 556 557 57)
4(58 558 559 59)
4(60 560 561 61)
4(62 562 563 63)
4(64 564 565 65)
4(66 566 567 67)
4(68 568 569 69)
4(70 570 571 71)
4(72 572 573 73)
4(74 574 575 75)
4(76 576 577 77)
4(78 578 579 79)
4(80 580 581 81)
4(82 582 583 83)
4(84 584 585 85)
4(86 586 587 87)
4(88 588 589 89)
4(90 590 591 91)
4(92 592 593 93)
4(94 594 595 95)
4(96 596 597 97)
4(98 598 599 99)
4(100 600 601 101)
4(102 602 603 103)
4(104 604 605 105)
4(106 606 607 107)
4(108 608 609 109)
4(110 610 611 111)
4(112 612 613 113)
4(114 614 615 115)
4(116 616 617 117)
4(118 618 619 119)
4(120 620 621 121)
4(122 622 623 123)
4(124 624 625 125)
4(126 626 627 127)
4(128 628 629 129)
4(130 630 631 131)
4(132 632 633 133)
4(134 634 635 135)
4(136 636 637 137)
4(138 638 639 139)
4(140 640 641 141)
4(142 642 643 143)
4(144 644 645 145)
4(146 646 647 147)
4(148 648 649 149)
4(150 650 651 151)
4(152 652 653 153)
4(154 654 655 155)
4(156 656 657 157)
4(158 658 659 159)
4(160 660 661 161)
4(162 662 663 163)
4(164 664 665 165)
4(166 666 667 167)
4(168 668 669 169)
4(170 670 671 171)
4(172 672 673 173)
4(174 674 675 175)
4(176 676 677 177)
4(178 678 679 179)
4(180 680 681 181)
4(182 682 683 183)
4(184 684 685 185)
4(186 686 687 187)
4(188 688 689 189)
4(190 690 691 191)
4(192 692 693 193)
4(194 694 695 195)
4(196 696 697 197)
4(198 698 699 199)
4(200 700 701 201)
4(202 702 703 203)
4(204 704 705 205)
4(206 706 707 207)
4(208 708 709 209)
4(210 710 711 211)
4(212 712 713 213)
4(214 714 715 215)
4(216 716 717 217)
4(218 718 719 219)
4(220 720 721 221)
4(222 722 723 223)
4(224 724 725 225)
4(226 726 727 227)
4(228 728 729 229)
4(230 730 731 231)
4(232 732 733 233)
4(234 734 735 235)
4(236 736 737 237)
4(238 738 739 239)
4(240 740 741 241)
4(242 742 743 243)
4(244 744 745 245)
4(246 746 747 247)
4(248 748 749 249)
4(250 750 751 251)
4(252 752 753 253)
4(254 754 755 255)
4(256 756 757 257)
4(258 758 759 259)
4(260 760 761 261)
4(262 762 763 263)
4(264 764 765 265)
4(266 766 767 267)
4(268 768 769 269)
4(270 770 771 271)
4(272 772 773 273)
4(274 774 775 275)
4(276 776 777 277)
4(278 778 779 279)
4(280 780 781 281)
4(282 782 783 283)
4(284 784 785 285)
4(286 786 787 287)
4(288 788 789 289)
4(290 790 791 291)
4(292 792 793 293)
4(294 794 795 295)
4(296 796 797 297)
4(298 798 799 299)
4(300 800 801 301)
4(302 802 803 303)
4(304 804 805 305)
4(306 806 807 307)
4(308 808 809 309)
4(310 810 811 311)
4(312 812 813 313)
4(314 814 815 315)
4(316 816 817 317)
4(318 818 819 319)
4(320 820 821 321)
4(322 822 823 323)
4(324 824 825 325)
4(326 826 827 327)
4(328 828 829 329)
4(330 830 831 331)
4(332 832 833 333)
4(334 834 835 335)
4(336 836 837 337)
4(338 838 839 339)
4(340 840 841 341)
4(342 842 843 343)
4(344 844 845 345)
4(346 846 847 347)
4(348 848 849 349)
4(350 850 851 351)
4(352 852 853 353)
4(354 854 855 355)
4(356 856 857 357)
4(358 858 859 359)
4(360 860 861 361)
4(362 862 863 363)
4(364 864 865 365)
4(366 866 867 367)
4(368 868 869 369)
4(370 870 871 371)
4(372 872 873 373)
4(374 874 875 375)
4(376 876 877 377)
4(378 878 879 379)
4(380 880 881 381)
4(382 882 883 383)
4(384 884 885 385)
4(386 886 887 387)
4(388 888 889 389)
4(390 890 891 391)
4(392 892 893 393)
4(394 894 895 395)
4(396 896 897 397)
4(398 898 899 399)
4(400 900 901 401)
4(402 902 903 403)
4(404 904 905 405)
4(406 906 907 407)
4(408 908 909 409)
4(410 910 911 411)
4(412 912 913 413)
4(414 914 915 415)
4(416 916 917 417)
4(418 918 919 419)
4(420 920 921 421)
4(422 922 923 423)
4(424 924 925 425)
4(426 926 927 427)
4(428 928 929 429)
4(430 930 931 431)
4(432 932 933 433)
4(434 934 935 435)
4(436 936 937 437)
4(438 938 939 439)
4(440 940 941 441)
4(442 942 943 443)
4(444 944 945 445)
4(446 946 947 447)
4(448 948 949 449)
4(450 950 951 451)
4(452 952 953 453)
4(454 954 955 455)
4(456 956 957 457)
4(458 958 959 459)
4(460 960 961 461)
4(462 962 963 463)
4(464 964 965 465)
4(466 966 967 467)
4(468 968 969 469)
4(470 970 971 471)
4(472 972 973 473)
4(474 974 975 475)
4(476 976 977 477)
4(478 978 979 479)
4(480 980 981 481)
4(482 982 983 483)
4(484 984 985 485)
4(486 986 987 487)
4(488 988 989 489)
4(490 990 991 491)
4(492 992 993 493)
4(494 994 995 495)
4(496 996 997 497)
4(0 500 502 2)
4(2 502 504 4)
4(4 504 506 6)
4(6 506 508 8)
4(8 508 510 10)
4(10 510 512 12)
4(12 512 514 14)
4(14 514 516 16)
4(16 516 518 18)
4(18 518 520 20)
4(20 520 522 22)
4(22 522 524 24)
4(24 524 526 26)
4(26 526 528 28)
4(28 528 530 30)
4(30 530 532 32)
4(32 532 534 34)
4(34 534 536 36)
4(36 536 538 38)
4(38 538 540 40)
4(40 540 542 42)
4(42 542 544 44)
4(44 544 546 46)
4(46 546 548 48)
4(48 548 550 50)
4(50 550 552 52)
4(52 552 554 54)
4(54 554 556 56)
4(56 556 558 58)
4(58 558 560 60)
4(60 560 562 62)
4(62 562 564 64)
4(64 564 566 66)
4(66 566 568 68)
4(68 568 570 70)
4(70 570 572 72)
4(72 572 574 74)
4(74 574 576 76)
4(76 576 578 78)
4(78 578 580 80)
4(80 580 582 82)
4(82 582 584 84)
4(84 584 586 86)
4(86 586 588 88)
4(88 588 590 90)
4(90 590 592 92)
4(92 592 594 94)
4(94 594 596 96)
4(96 596 598 98)
4(98 598 600 100)
4(100 600 602 102)
4(102 602 604 104)
4(104 604 606 106)
4(106 606 608 108)
4(108 608 610 110)
4(110 610 612 112)
4(112 612 614 114)
4(114 614 616 116)
4(116 616 618 118)
4(118 618 620 120)
4(120 620 622 122)
4(122 622 624 124)
4(124 624 626 126)
4(126 626 628 128)
4(128 628 630 130)
4(130 630 632 132)
4(132 632 634 134)
4(134 634 636 136)
4(136 636 638 138)
4(138 638 640 140)
4(140 640 642 142)
4(142 642 644 144)
4(144 644 646 146)
4(146 646 648 148)
4(148 648 650 150)
4(150 650 652 152)
4(152 652 654 154)
4(154 654 656 156)
4(156 656 658 158)
4(158 658 660 160)
4(160 660 662 162)
4(162 662 664 164)
4(164 664 666 166)
4(166 666 668 168)
4(168 668 670 170)
4(170 670 672 172)
4(172 672 674 174)
4(174 674 676 176)
4(176 676 678 178)
4(178 678 680 180)
4(180 680 682 182)
4(182 682 684 184)
4(184 684 686 186)
4(186 686 688 188)
4(188 688 690 190)
4(190 690 692 192)
4(192 692 694 194)
4(194 694 696 196)
4(196 696 698 198)
4(198 698 700 200)
4(200 700 702 202)
4(202 702 704 204)
4(204 704 706 206)
4(206 706 708 208)
4(208 708 710 210)
4(210 710 712 212)
4(212 712 714 214)
4(214 714 716 216)
4(216 716 718 218)
4(218 718 720 220)
4(220 720 722 222)
4(222 722 724 224)
4(224 724 726 226)
4(226 726 728 228)
4(228 728 730 230)
4(230 730 732 232)
4(232 732 734 234)
4(234 734 736 236)
4(236 736 738 238)
4(238 738 740 240)
4(240 740 742 242)
4(242 742 744 244)
4(244 744 746 246)
4(246 746 748 248)
4(248 748 750 250)
4(250 750 752 252)
4(252 752 754 254)
4(254 754 756 256)
4(256 756 758 258)
4(258 758 760 260)
4(260 760 762 262)
4(262 762 764 264)
4(264 764 766 266)
4(266 766 768 268)
4(268 768 770 270)
4(270 770 772 272)
4(272 772 774 274)
4(274 774 776 276)
4(276 776 778 278)
4(278 778 780 280)
4(280 780 782 282)
4(282 782 784 284)
4(284 784 786 286)
4(286 786 788 288)
4(288 788 790 290)
4(290 790 792 292)
4(292 792 794 294)
4(294 794 796 296)
4(296 796 798 298)
4(298 798 800 300)
4(300 800 802 302)
4(302 802 804 304)
4(304 804 806 306)
4(306 806 808 308)
4(308 808 810 310)
4(310 810 812 312)
4(312 812 814 314)
4(314 814 816 316)
4(316 816 818 318)
4(318 818 820 320)
4(320 820 822 322)
4(322 822 824 324)
4(324 824 826 326)
4(326 826 828 328)
4(328 828 830 330)
4(330 830 832 332)
4(332 832 834 334)
4(334 834 836 336)
4(336 836 838 338)
4(338 838 840 340)
4(340 840 842 342)
4(342 842 844 344)
4(344 844 846 346)
4(346 846 848 348)
4(348 848 850 350)
4(350 850 852 352)
4(352 852 854 354)
4(354 854 856 356)
4(356 856 858 358)
4(358 858 860 360)
4(360 860 862 362)
4(362 862 864 364)
4(364 864 866 366)
4(366 866 868 368)
4(368 868 870 370)
4(370 870 872 372)
4(372 872 874 374)
4(374 874 876 376)
4(376 876 878 378)
4(378 878 880 380)
4(380 880 882 382)
4(382 882 884 384)
4(384 884 886 386)
4(386 886 888 388)
4(388 888 890 390)
4(390 890 892 392)
4(392 892 894 394)
4(394 894 896 396)
4(396 896 898 398)
4(398 898 900 400)
4(400 900 902 402)
4(402 902 904 404)
4(404 904 906 406)
4(406 906 908 408)
4(408 908 910 410)
4(410 910 912 412)
4(412 912 914 414)
4(414 914 916 416)
4(416 916 918 418)
4(418 918 920 420)
4(420 920 922 422)
4(422 922 924 424)
4(424 924 926 426)
4(426 926 928 428)
4(428 928 930 430)
4(430 930 932 432)
4(432 932 934 434)
4(434 934 936 436)
4(436 936 938 438)
4(438 938 940 440)
4(440 940 942 442)
4(442 942 944 444)
4(444 944 946 446)
4(446 946 948 448)
4(448 948 950 450)
4(450 950 952 452)
4(452 952 954 454)
4(454 954 956 456)
4(456 956 958 458)
4(458 958 960 460)
4(460 960 962 462)
4(462 962 964 464)
4(464 964 966 466)
4(466 966 968 468)
4(468 968 970 470)
4(470 970 972 472)
4(472 972 974 474)
4(474 974 976 476)
4(476 976 978 478)
4(478 978 980 480)
4(480 980 982 482)
4(482 982 984 484)
4(484 984 986 486)
4(486 986 988 488)
4(488 988 990 490)
4(490 990 992 492)
4(492 992 994 494)
4(494 994 996 496)
4(496 996 998 498)
4(1 3 503 501)
4(3 5 505 503)
4(5 7 507 505)
4(7 9 509 507)
4(9 11 511 509)
4(11 13 513 511)
4(13 15 515 513)
4(15 17 517 515)
4(17 19 519 517)
4(19 21 521 519)
4(21 23 523 521)
4(23 25 525 523)
4(25 27 527 525)
4(27 29 529 527)
4(29 31 531 529)
4(31 33 533 531)
4(33 35 535 533)
4(35 37 537 535)
4(37 39 539 537)
4(39 41 541 539)
4(41 43 543 541)
4(43 45 545 543)
4(45 47 547 545)
4(47 49 549 547)
4(49 51 551 549)
4(51 53 553 551)
4(53 55 555 553)
4(55 57 557 555)
4(57 59 559 557)
4(59 61 561 559)
4(61 63 563 561)
4(63 65 565 563)
4(65 67 567 565)
4(67 69 569 567)
4(69 71 571 569)
4(71 73 573 571)
4(73 75 575 573)
4(75 77 577 575)
4(77 79 579 577)
4(79 81 581 579)
4(81 83 583 581)
4(83 85 585 583)
4(85 87 587 585)
4(87 89 589 587)
4(89 91 591 589)
4(91 93 593 591)
4(93 95 595 593)
4(95 97 597 595)
4(97 99 599 597)
4(99 101 601 599)
4(101 103 603 601)
4(103 105 605 603)
4(105 107 607 605)
4(107 109 609 607)
4(109 111 611 609)
4(111 113 613 611)
4(113 115 615 613)
4(115 117 617 615)
4(117 119 619 617)
4(119 121 621 619)
4(121 123 623 621)
4(123 125 625 623)
4(125 127 627 625)
4(127 129 629 627)
4(129 131 631 629)
4(131 133 633 631)
4(133 135 635 633)
4(135 137 637 635)
4(137 139 639 637)
4(139 141 641 639)
4(141 143 643 641)
4(143 145 645 643)
4(145 147 647 645)
4(147 149 649 647)
4(149 151 651 649)
4(151 153 653 651)
4(153 155 655 653)
4(155 157 657 655)
4(157 159 659 657)
4(159 161 661 659)
4(161 163 663 661)
4(163 165 665 663)
4(165 167 667 665)
4(167 169 669 667)
4(169 171 671 669)
4(171 173 673 671)
4(173 175 675 673)
4(175 177 677 675)
4(177 179 679 677)
4(179 181 681 679)
4(181 183 683 681)
4(183 185 685 683)
4(185 187 687 685)
4(187 189 689 687)
4(189 191 691 689)
4(191 193 693 691)
4(193 195 695 693)
4(195 197 697 695)
4(197 199 699 697)
4(199 201 701 699)
4(201 203 703 701)
4(203 205 705 703)
4(205 207 707 705)
4(207 209 709 707)
4(209 211 711 709)
4(211 213 713 711)
4(213 215 715 713)
4(215 217 717 715)
4(217 219 719 717)
4(219 221 721 719)
4(221 223 723 721)
4(223 225 725 723)
4(225 227 727 725)
4(227 229 729 727)
4(229 231 731 729)
4(231 233 733 731)
4(233 235 735 733)
4(235 237 737 735)
4(237 239 739 737)
4(239 241 741 739)
4(241 243 743 741)
4(243 245 745 743)
4(245 247 747 745)
4(247 249 749 747)
4(249 251 751 749)
4(251 253 753 751)
4(253 255 755 753)
4(255 257 757 755)
4(257 259 759 757)
4(259 261 761 759)
4(261 263 763 761)
4(263 265 765 763)
4(265 267 767 765)
4(267 269 769 767)
4(269 271 771 769)
4(271 273 773 771)
4(273 275 775 773)
4(275 277 777 775)
4(277 279 779 777)
4(279 281 781 779)
4(281 283 783 781)
4(283 285 785 783)
4(285 287 787 785)
4(287 289 789 787)
4(289 291 791 789)
4(291 293 793 791)
4(293 295 795 793)
4(295 297 797 795)
4(297 299 799 797)
4(299 301 801 799)
4(301 303 803 801)
4(303 305 805 803)
4(305 307 807 805)
4(307 309 809 807)
4(309 311 811 809)
4(311 313 813 811)
4(313 315 815 813)
4(315 317 817 815)
4(317 319 819 817)
4(319 321 821 819)
4(321 323 823 821)
4(323 325 825 823)
4(325 327 827 825)
4(327 329 829 827)
4(329 331 831 829)
4(331 333 833 831)
4(333 335 835 833)
4(335 337 837 835)
4(337 339 839 837)
4(339 341 841 839)
4(341 343 843 841)
4(343 345 845 843)
4(345 347 847 845)
4(347 349 849 847)
4(349 351 851 849)
4(351 353 853 851)
4(353 355 855 853)
4(355 357 857 855)
4(357 359 859 857)
4(359 361 861 859)
4(361 363 863 861)
4(363 365 865 863)
4(365 367 867 865)
4(367 369 869 867)
4(369 371 871 869)
4(371 373 873 871)
4(373 375 875 873)
4(375 377 877 875)
4(377 379 879 877)
4(379 381 881 879)
4(381 383 883 881)
4(383 385 885 883)
4(385 387 887 885)
4(387 389 889 887)
4(389 391 891 889)
4(391 393 893 891)
4(393 395 895 893)
4(395 397 897 895)
4(397 399 899 897)
4(399 401 901 899)
4(401 403 903 901)
4(403 405 905 903)
4(405 407 907 905)
4(407 409 909 907)
4(409 411 911 909)
4(411 413 913 911)
4(413 415 915 913)
4(415 417 917 915)
4(417 419 919 917)
4(419 421 921 919)
4(421 423 923 921)
4(423 425 925 923)
4(425 427 927 925)
4(427 429 929 927)
4(429 431 931 929)
4(431 433 933 931)
4(433 435 935 933)
4(435 437 937 935)
4(437 439 939 937)
4(439 441 941 939)
4(441 443 943 941)
4(443 445 945 943)
4(445 447 947 945)
4(447 449 949 947)
4(449 451 951 949)
4(451 453 953 951)
4(453 455 955 953)
4(455 457 957 955)
4(457 459 959 957)
4(459 461 961 959)
4(461 463 963 961)
4(463 465 965 963)
4(465 467 967 965)
4(467 469 969 967)
4(469 471 971 969)
4(471 473 973 971)
4(473 475 975 973)
4(475 477 977 975)
4(477 479 979 977)
4(479 481 981 979)
4(481 483 983 981)
4(483 485 985 983)
4(485 487 987 985)
4(487 489 989 987)
4(489 491 991 989)
4(491 493 993 991)
4(493 495 995 993)
4(495 497 997 995)
4(497 499 999 997)
4(0 2 3 1)
4(2 4 5 3)
4(4 6 7 5)
4(6 8 9 7)
4(8 10 11 9)
4(10 12 13 11)
4(12 14 15 13)
4(14 16 17 15)
4(16 18 19 17)
4(18 20 21 19)
4(20 22 23 21)
4(22 24 25 23)
4(24 26 27 25)
4(26 28 29 27)
4(28 30 31 29)
4(30 32 33 31)
4(32 34 35 33)
4(34 36 37 35)
4(36 38 39 37)
4(38 40 41 39)
4(40 42 43 41)
4(42 44 45 43)
4(44 46 47 45)
4(46 48 49 47)
4(48 50 51 49)
4(50 52 53 51)
4(52 54 55 53)
4(54 56 57 55)
4(56 58 59 57)
4(58 60 61 59)
4(60 62 63 61)
4(62 64 65 63)
4(64 66 67 65)
4(66 68 69 67)
4(68 70 71 69)
4(70 72 73 71)
4(72 74 75 73)
4(74 76 77 75)
4(76 78 79 77)
4(78 80 81 79)
4(80 82 83 81)
4(82 84 85 83)
4(84 86 87 85)
4(86 88 89 87)
4(88 90 91 89)
4(90 92 93 91)
4(92 94 95 93)
4(94 96 97 95)
4(96 98 99 97)
4(98 100 101 99)
4(100 102 103 101)
4(102 104 105 103)
4(104 106 107 105)
4(106 108 109 107)
4(108 110 111 109)
4(110 112 113 111)
4(112 114 115 113)
4(114 116 117 115)
4(116 118 119 117)
4(118 120 121 119)
4(120 122 123 121)
4(122 124 125 123)
4(124 126 127 125)
4(126 128 129 127)
4(128 130 131 129)
4(130 132 133 131)
4(132 134 135 133)
4(134 136 137 135)
4(136 138 139 137)
4(138 140 141 139)
4(140 142 143 141)
4(142 144 145 143)
4(144 146 147 145)
4(146 148 149 147)
4(148 150 151 149)
4(150 152 153 151)
4(152 154 155 153)
4(154 156 157 155)
4(156 158 159 157)
4(158 160 161 159)
4(160 162 163 161)
4(162 164 165 163)
4(164 166 167 165)
4(166 168 169 167)
4(168 170 171 169)
4(170 172 173 171)
4(172 174 175 173)
4(174 176 177 175)
4(176 178 179 177)
4(178 180 181 179)
4(180 182 183 181)
4(182 184 185 183)
4(184 186 187 185)
4(186 188 189 187)
4(188 190 191 189)
4(190 192 193 191)
4(192 194 195 193)
4(194 196 197 195)
4(196 198 199 197)
4(198 200 201 199)
4(200 202 203 201)
4(202 204 205 203)
4(204 206 207 205)
4(206 208 209 207)
4(208 210 211 209)
4(210 212 213 211)
4(212 214 215 213)
4(214 216 217 215)
4(216 218 219 217)
4(218 220 221 219)
4(220 222 223 221)
4(222 224 225 223)
4(224 226 227 225)
4(226 228 229 227)
4(228 230 231 229)
4(230 232 233 231)
4(232 234 235 233)
4(234 236 237 235)
4(236 238 239 237)
4(238 240 241 239)
4(240 242 243 241)
4(242 244 245 243)
4(244 246 247 245)
4(246 248 249 247)
4(248 250 251 249)
4(250 252 253 251)
4(252 254 255 253)
4(254 256 257 255)
4(256 258 259 257)
4(258 260 261 259)
4(260 262 263 261)
4(262 264 265 263)
4(264 266 267 265)
4(266 268 269 267)
4(268 270 271 269)
4(270 272 273 271)
4(272 274 275 273)
4(274 276 277 275)
4(276 278 279 277)
4(278 280 281 279)
4(280 282 283 281)
4(282 284 285 283)
4(284 286 287 285)
4(286 288 289 287)
4(288 290 291 289)
4(290 292 293 291)
4(292 294 295 293)
4(294 296 297 295)
4(296 298 299 297)
4(298 300 301 299)
4(300 302 303 301)
4(302 304 305 303)
4(304 306 307 305)
4(306 308 309 307)
4(308 310 311 309)
4(310 312 313 311)
4(312 314 315 313)
4(314 316 317 315)
4(316 318 319 317)
4(318 320 321 319)
4(320 322 323 321)
4(322 324 325 323)
4(324 326 327 325)
4(326 328 329 327)
4(328 330 331 329)
4(330 332 333 331)
4(332 334 335 333)
4(334 336 337 335)
4(336 338 339 337)
4(338 340 341 339)
4(340 342 343 341)
4(342 344 345 343)
4(344 346 347 345)
4(346 348 349 347)
4(348 350 351 349)
4(350 352 353 351)
4(352 354 355 353)
4(354 356 357 355)
4(356 358 359 357)
4(358 360 361 359)
4(360 362 363 361)
4(362 364 365 363)
4(364 366 367 365)
4(366 368 369 367)
4(368 370 371 369)
4(370 372 373 371)
4(372 374 375 373)
4(374 376 377 375)
4(376 378 379 377)
4(378 380 381 379)
4(380 382 383 381)
4(382 384 385 383)
4(384 386 387 385)
4(386 388 389 387)
4(388 390 391 389)
4(390 392 393 391)
4(392 394 395 393)
4(394 396 397 395)
4(396 398 399 397)
4(398 400 401 399)
4(400 402 403 401)
4(402 404 405 403)
4(404 406 407 405)
4(406 408 409 407)
4(408 410 411 409)
4(410 412 413 411)
4(412 414 415 413)
4(414 416 417 415)
4(416 418 419 417)
4(418 420 421 419)
4(420 422 423 421)
4(422 424 425 423)
4(424 426 427 425)
4(426 428 429 427)
4(428 430 431 429)
4(430 432 433 431)
4(432 434 435 433)
4(434 436 437 435)
4(436 438 439 437)
4(438 440 441 439)
4(440 442 443 441)
4(442 444 445 443)
4(444 446 447 445)
4(446 448 449 447)
4(448 450 451 449)
4(450 452 453 451)
4(452 454 455 453)
4(454 456 457 455)
4(456 458 459 457)
4(458 460 461 459)
4(460 462 463 461)
4(462 464 465 463)
4(464 466 467 465)
4(466 468 469 467)
4(468 470 471 469)
4(470 472 473 471)
4(472 474 475 473)
4(474 476 477 475)
4(476 478 479 477)
4(478 480 481 479)
4(480 482 483 481)
4(482 484 485 483)
4(484 486 487 485)
4(486 488 489 487)
4(488 490 491 489)
4(490 492 493 491)
4(492 494 495 493)
4(494 496 497 495)
4(496 498 499 497)
4(500 501 503 502)
4(502 503 505 504)
4(504 505 507 506)
4(506 507 509 508)
4(508 509 511 510)
4(510 511 513 512)
4(512 513 515 514)
4(514 515 517 516)
4(516 517 519 518)
4(518 519 521 520)
4(520 521 523 522)
4(522 523 525 524)
4(524 525 527 526)
4(526 527 529 528)
4(528 529 531 530)
4(530 531 533 532)
4(532 533 535 534)
4(534 535 537 536)
4(536 537 539 538)
4(538 539 541 540)
4(540 541 543 542)
4(542 543 545 544)
4(544 545 547 546)
4(546 547 549 548)
4(548 549 551 550)
4(550 551 553 552)
4(552 553 555 554)
4(554 555 557 556)
4(556 557 559 558)
4(558 559 561 560)
4(560 561 563 562)
4(562 563 565 564)
4(564 565 567 566)
4(566 567 569 568)
4(568 569 571 570)
4(570 571 573 572)
4(572 573 575 574)
4(574 575 577 576)
4(576 577 579 578)
4(578 579 581 580)
4(580 581 583 582)
4(582 583 585 584)
4(584 585 587 586)
4(586 587 589 588)
4(588 589 591 590)
4(590 591 593 592)
4(592 593 595 594)
4(594 595 597 596)
4(596 597 599 598)
4(598 599 601 600)
4(600 601 603 602)
4(602 603 605 604)
4(604 605 607 606)
4(606 607 609 608)
4(608 609 611 610)
4(610 611 613 612)
4(612 613 615 614)
4(614 615 617 616)
4(616 617 619 618)
4(618 619 621 620)
4(620 621 623 622)
4(622 623 625 624)
4(624 625 627 626)
4(626 627 629 628)
4(628 629 631 630)
4(630 631 633 632)
4(632 633 635 634)
4(634 635 637 636)
4(636 637 639 638)
4(638 639 641 640)
4(640 641 643 642)
4(642 643 645 644)
4(644 645 647 646)
4(646 647 649 648)
4(648 649 651 650)
4(650 651 653 652)
4(652 653 655 654)
4(654 655 657 656)
4(656 657 659 658)
4(658 659 661 660)
4(660 661 663 662)
4(662 663 665 664)
4(664 665 667 666)
4(666 667 669 668)
4(668 669 671 670)
4(670 671 673 672)
4(672 673 675 674)
4(674 675 677 676)
4(676 677 679 678)
4(678 679 681 680)
4(680 681 683 682)
4(682 683 685 684)
4(684 685 687 686)
4(686 687 689 688)
4(688 689 691 690)
4(690 691 693 692)
4(692 693 695 694)
4(694 695 697 696)
4(696 697 699 698)
4(698 699 701 700)
4(700 701 703 702)
4(702 703 705 704)
4(704 705 707 706)
4(706 707 709 708)
4(708 709 711 710)
4(710 711 713 712)
4(712 713 715 714)
4(714 715 717 716)
4(716 717 719 718)
4(718 719 721 720)
4(720 721 723 722)
4(722 723 725 724)
4(724 725 727 726)
4(726 727 729 728)
4(728 729 731 730)
4(730 731 733 732)
4(732 733 735 734)
4(734 735 737 736)
4(736 737 739 738)
4(738 739 741 740)
4(740 741 743 742)
4(742 743 745 744)
4(744 745 747 746)
4(746 747 749 748)
4(748 749 751 750)
4(750 751 753 752)
4(752 753 755 754)
4(754 755 757 756)
4(756 757 759 758)
4(758 759 761 760)
4(760 761 763 762)
4(762 763 765 764)
4(764 765 767 766)
4(766 767 769 768)
4(768 769 771 770)
4(770 771 773 772)
4(772 773 775 774)
4(774 775 777 776)
4(776 777 779 778)
4(778 779 781 780)
4(780 781 783 782)
4(782 783 785 784)
4(784 785 787 786)
4(786 787 789 788)
4(788 789 791 790)
4(790 791 793 792)
4(792 793 795 794)
4(794 795 797 796)
4(796 797 799 798)
4(798 799 801 800)
4(800 801 803 802)
4(802 803 805 804)
4(804 805 807 806)
4(806 807 809 808)
4(808 809 811 810)
4(810 811 813 812)
4(812 813 815 814)
4(814 815 817 816)
4(816 817 819 818)
4(818 819 821 820)
4(820 821 823 822)
4(822 823 825 824)
4(824 825 827 826)
4(826 827 829 828)
4(828 829 831 830)
4(830 831 833 832)
4(832 833 835 834)
4(834 835 837 836)
4(836 837 839 838)
4(838 839 841 840)
4(840 841 843 842)
4(842 843 845 844)
4(844 845 847 846)
4(846 847 849 848)
4(848 849 851 850)
4(850 851 853 852)
4(852 853 855 854)
4(854 855 857 856)
4(856 857 859 858)
4(858 859 861 860)
4(860 861 863 862)
4(862 863 865 864)
4(864 865 867 866)
4(866 867 869 868)
4(868 869 871 870)
4(870 871 873 872)
4(872 873 875 874)
4(874 875 877 876)
4(876 877 879 878)
4(878 879 881 880)
4(880 881 883 882)
4(882 883 885 884)
4(884 885 887 886)
4(886 887 889 888)
4(888 889 891 890)
4(890 891 893 892)
4(892 893 895 894)
4(894 895 897 896)
4(896 897 899 898)
4(898 899 901 900)
4(900 901 903 902)
4(902 903 905 904)
4(904 905 907 906)
4(906 907 909 908)
4(908 909 911 910)
4(910 911 913 912)
4(912 913 915 914)
4(914 915 917 916)
4(916 917 919 918)
4(918 919 921 920)
4(920 921 923 922)
4(922 923 925 924)
4(924 925 927 926)
4(926 927 929 928)
4(928 929 931 930)
4(930 931 933 932)
4(932 933 935 934)
4(934 935 937 936)
4(936 937 939 938)
4(938 939 941 940)
4(940 941 943 942)
4(942 943 945 944)
4(944 945 947 946)
4(946 947 949 948)
4(948 949 951 950)
4(950 951 953 952)
4(952 953 955 954)
4(954 955 957 956)
4(956 957 959 958)
4(958 959 961 960)
4(960 961 963 962)
4(962 963 965 964)
4(964 965 967 966)
4(966 967 969 968)
4(968 969 971 970)
4(970 971 973 972)
4(972 973 975 974)
4(974 975 977 976)
4(976 977 979 978)
4(978 979 981 980)
4(980 981 983 982)
4(982 983 985 984)
4(984 985 987 986)
4(986 987 989 988)
4(988 989 991 990)
4(990 991 993 992)
4(992 993 995 994)
4(994 995 997 996)
4(996 997 999 998)
4(0 1 501 500)
4(498 998 999 499)
4(1000 1001 1005 1004)
4(1002 1006 1007 1003)
)


// ************************************************************************* //
