/*--------------------------------*- C++ -*----------------------------------*\
| =========                 |                                                 |
| \\      /  F ield         | foam-extend: Open Source CFD                    |
|  \\    /   O peration     | Version:     4.0                                |
|   \\  /    A nd           | Web:         http://www.foam-extend.org         |
|    \\/     M anipulation  |                                                 |
\*---------------------------------------------------------------------------*/
FoamFile
{
    version     2.0;
    format      ascii;
    class       faceList;
    location    "constant/polyMesh";
    object      faces;
}
// * * * * * * * * * * * * * * * * * * * * * * * * * * * * * * * * * * * * * //


92
(
4(16 31 63 48)
4(17 30 62 49)
4(18 29 61 50)
4(19 28 60 51)
4(20 27 59 52)
4(21 26 58 53)
4(22 25 57 54)
4(23 24 56 55)
4(32 47 79 64)
4(33 46 78 65)
4(34 45 77 66)
4(35 44 76 67)
4(36 43 75 68)
4(37 42 74 69)
4(38 41 73 70)
4(39 40 72 71)
4(1 16 48 8)
4(0 11 63 31)
4(1 0 31 16)
4(8 48 63 11)
4(16 17 49 48)
4(31 63 62 30)
4(16 31 30 17)
4(48 49 62 63)
4(17 18 50 49)
4(30 62 61 29)
4(17 30 29 18)
4(49 50 61 62)
4(18 19 51 50)
4(29 61 60 28)
4(18 29 28 19)
4(50 51 60 61)
4(19 20 52 51)
4(28 60 59 27)
4(19 28 27 20)
4(51 52 59 60)
4(20 21 53 52)
4(27 59 58 26)
4(20 27 26 21)
4(52 53 58 59)
4(21 22 54 53)
4(26 58 57 25)
4(21 26 25 22)
4(53 54 57 58)
4(22 23 55 54)
4(25 57 56 24)
4(22 25 24 23)
4(54 55 56 57)
4(23 2 9 55)
4(24 56 10 3)
4(23 24 3 2)
4(55 9 10 56)
4(5 32 64 12)
4(4 15 79 47)
4(5 4 47 32)
4(12 64 79 15)
4(32 33 65 64)
4(47 79 78 46)
4(32 47 46 33)
4(64 65 78 79)
4(33 34 66 65)
4(46 78 77 45)
4(33 46 45 34)
4(65 66 77 78)
4(34 35 67 66)
4(45 77 76 44)
4(34 45 44 35)
4(66 67 76 77)
4(35 36 68 67)
4(44 76 75 43)
4(35 44 43 36)
4(67 68 75 76)
4(36 37 69 68)
4(43 75 74 42)
4(36 43 42 37)
4(68 69 74 75)
4(37 38 70 69)
4(42 74 73 41)
4(37 42 41 38)
4(69 70 73 74)
4(38 39 71 70)
4(41 73 72 40)
4(38 41 40 39)
4(70 71 72 73)
4(39 6 13 71)
4(40 72 14 7)
4(39 40 7 6)
4(71 13 14 72)
4(2 3 10 9)
4(5 12 15 4)
4(1 8 11 0)
4(6 7 14 13)
)


// ************************************************************************* //
