/*--------------------------------*- C++ -*----------------------------------*\
| =========                 |                                                 |
| \\      /  F ield         | foam-extend: Open Source CFD                    |
|  \\    /   O peration     | Version:     4.0                                |
|   \\  /    A nd           | Web:         http://www.foam-extend.org         |
|    \\/     M anipulation  |                                                 |
\*---------------------------------------------------------------------------*/
FoamFile
{
    version     2.0;
    format      ascii;
    class       vectorField;
    location    "constant/polyMesh";
    object      points;
}
// * * * * * * * * * * * * * * * * * * * * * * * * * * * * * * * * * * * * * //


80
(
(-0.00095 0 0)
(-0.00095 0.0314 0)
(5e-05 0.0314 0)
(5e-05 0 0)
(0.00205 0 0)
(0.00205 0.0314 0)
(0.00305 0.0314 0)
(0.00305 0 0)
(-0.00095 0.0314 -0.01)
(5e-05 0.0314 -0.01)
(5e-05 0 -0.01)
(-0.00095 0 -0.01)
(0.00205 0.0314 -0.01)
(0.00305 0.0314 -0.01)
(0.00305 0 -0.01)
(0.00205 0 -0.01)
(-0.0008388888889 0.0314 0)
(-0.0007277777778 0.0314 0)
(-0.0006166666667 0.0314 0)
(-0.0005055555556 0.0314 0)
(-0.0003944444444 0.0314 0)
(-0.0002833333333 0.0314 0)
(-0.0001722222222 0.0314 0)
(-6.111111111e-05 0.0314 0)
(-6.111111111e-05 0 0)
(-0.0001722222222 0 0)
(-0.0002833333333 0 0)
(-0.0003944444444 0 0)
(-0.0005055555556 0 0)
(-0.0006166666667 0 0)
(-0.0007277777778 0 0)
(-0.0008388888889 0 0)
(0.002161111111 0.0314 0)
(0.002272222222 0.0314 0)
(0.002383333333 0.0314 0)
(0.002494444444 0.0314 0)
(0.002605555556 0.0314 0)
(0.002716666667 0.0314 0)
(0.002827777778 0.0314 0)
(0.002938888889 0.0314 0)
(0.002938888889 0 0)
(0.002827777778 0 0)
(0.002716666667 0 0)
(0.002605555556 0 0)
(0.002494444444 0 0)
(0.002383333333 0 0)
(0.002272222222 0 0)
(0.002161111111 0 0)
(-0.0008388888889 0.0314 -0.01)
(-0.0007277777778 0.0314 -0.01)
(-0.0006166666667 0.0314 -0.01)
(-0.0005055555556 0.0314 -0.01)
(-0.0003944444444 0.0314 -0.01)
(-0.0002833333333 0.0314 -0.01)
(-0.0001722222222 0.0314 -0.01)
(-6.111111111e-05 0.0314 -0.01)
(-6.111111111e-05 0 -0.01)
(-0.0001722222222 0 -0.01)
(-0.0002833333333 0 -0.01)
(-0.0003944444444 0 -0.01)
(-0.0005055555556 0 -0.01)
(-0.0006166666667 0 -0.01)
(-0.0007277777778 0 -0.01)
(-0.0008388888889 0 -0.01)
(0.002161111111 0.0314 -0.01)
(0.002272222222 0.0314 -0.01)
(0.002383333333 0.0314 -0.01)
(0.002494444444 0.0314 -0.01)
(0.002605555556 0.0314 -0.01)
(0.002716666667 0.0314 -0.01)
(0.002827777778 0.0314 -0.01)
(0.002938888889 0.0314 -0.01)
(0.002938888889 0 -0.01)
(0.002827777778 0 -0.01)
(0.002716666667 0 -0.01)
(0.002605555556 0 -0.01)
(0.002494444444 0 -0.01)
(0.002383333333 0 -0.01)
(0.002272222222 0 -0.01)
(0.002161111111 0 -0.01)
)


// ************************************************************************* //
