#                    x          0.00100000004                      0
#                    y   0.000250000011874363   0.000250000011874363
#                    z   0.000250000011874363   0.000250000011874363
#                 Time
                 5e-13       292.500090475681       599.393939759581
             1.005e-10       292.527612120175       599.450337246489
  1.79306918826666e-10       297.736943215248        610.12535097339
   1.9229921593369e-10       301.666015852582        618.17684609617
  1.96834598407814e-10       302.309004543484       619.494464982641
  2.49792071008486e-10       302.532880808493       619.953234479478
  2.91121371764696e-10        305.07009845895       625.152526385181
  3.41848837851083e-10       307.004323816401       629.116160424673
   4.1217206144138e-10       309.311007367406       633.843039535456
  5.06090581867042e-10       312.383746531029       640.139727502577
  6.06090581867042e-10       316.274639703599       648.112984882723
  7.06090581867042e-10       320.187623961313       656.131511536811
  8.06090581867042e-10       323.881528379951       663.701097583092
  9.06090581867042e-10       327.366552723677        670.84264447981
  1.00609058186704e-09        330.65235238546       677.575938155404
  1.10609058186704e-09       333.748067598311        683.91970886785
  1.20609058186704e-09       336.662351081455       689.891687855742
  1.30609058186704e-09       339.403394207119       695.508660961526
  1.40609058186704e-09        341.97895177007       700.786519388932
  1.50609058186704e-09        344.39636543326       705.740307747157
  1.60609058186704e-09       346.662585919276        710.38426952675
  1.70609058186704e-09       348.784194015945       714.731890144496
  1.80609058186704e-09       350.767420459401         718.7959376872
  1.90609058186704e-09       352.618164753389       722.588501477403
  2.00609058186704e-09       354.342012983262       726.121028577392
  2.10609058186704e-09       355.944254677526       729.404358341733
  2.20609058186704e-09       357.429898767137       732.448755122613
  2.30609058186704e-09       358.803688692979       735.263939226683
  2.40609058186704e-09       360.070116704732       737.859116216871
  2.50609058186704e-09       361.233437395183       740.243004647523
  2.60609058186704e-09        362.29768051125       742.423862316793
  2.70609058186704e-09       363.266663080538       744.409511115389
  2.80609058186704e-09       364.144000887806       746.207360546647
  2.90609058186704e-09       364.933119340474       747.824429989047
  3.00609058186704e-09       365.637263750073       749.267369768263
  3.10609058186704e-09       366.259509066756       750.542481102526
  3.20609058186704e-09       366.802769090993       751.655734981322
  3.30609058186704e-09       367.269805194245       752.612790034526
  3.40512067457229e-09       367.663234571729       753.419009445888
  3.48720017771538e-09       367.983065896258       754.074410994665
  3.55515503805109e-09       368.201445258607       754.521916165782
  3.61469272853965e-09       368.350902475837       754.828185384803
  3.66744098798278e-09       368.458237437202        755.04813725525
  3.71511967173608e-09       368.535105153336       755.205655341314
  3.75876186492691e-09       368.589914557125       755.317971312321
  3.79950959765547e-09       368.627958720473       755.395931784907
  3.83812260062642e-09        368.65304346318       755.447335682689
  3.87508515761517e-09       368.667554875338       755.477072605103
  3.91042328314795e-09       368.673058383396       755.488350440683
    3.944390453564e-09       368.670736484401       755.483592373589
  3.97717364588028e-09       368.661570723072       755.464809795205
  4.00896036659533e-09       368.646329716373       755.433577763153
  4.03991594689033e-09       368.625597771514       755.391093645575
  4.07017005286425e-09       368.599813526646       755.338256304195
  4.09980845654425e-09       368.569318168256       755.275764901804
  4.12890366283509e-09       368.534406117996       755.204222770053
  4.15747774910894e-09       368.495321292973        755.12412974632
  4.18554277028102e-09       368.452333676083       755.036039082552
  4.21316124377071e-09       368.405707969003        754.94049320771
  4.24038010941303e-09       368.355593387688       754.837797896816
  4.26724128656631e-09       368.302126964993        754.72823395902
  4.29377729098912e-09       368.245423246646       754.612036122314
  4.32001597345702e-09       368.185589961481       754.489425146104
  4.34598067323216e-09       368.122723856352       754.360599284684
  4.37169146389444e-09       368.056914441622       754.225741963642
  4.39716914412798e-09       367.988244307707       754.085022428091
  4.42242813007805e-09       367.916780183555       753.938577419785
  4.44748299907708e-09         367.8425947806       753.786555939681
  4.47234826631879e-09       367.765750461197       753.629085781279
  4.49703832614197e-09       367.686300216384       753.466275534414
  4.52156721983901e-09        367.60428822615       753.298215732769
  4.54594788243698e-09       367.519751058918       753.124981313173
  4.57019238169133e-09        367.43272094254       752.946638317392
  4.59431153383836e-09       367.343225770068       752.763243903682
  4.61831569700653e-09        367.25129134443       752.574850948026
  4.64221549238417e-09       367.156939096958       752.381503367372
  4.66602104624913e-09       367.060183515321       752.183230850422
  4.68974187626198e-09       366.961035386566        751.98005550183
  4.71338711588429e-09       366.859502722214       751.771993738929
  4.73696547207103e-09       366.755590220118        751.55905518855
  4.76048471539707e-09       366.649299789907       751.341243763903
  4.78395134673503e-09       366.540633306365       751.118563306998
  4.80737080844509e-09       366.429594834281        750.89102214699
   4.8307476496441e-09       366.316190357397        750.65863254643
  4.85408582257603e-09       366.200427583489       750.421410299797
  4.87738913887449e-09       366.082314946801       750.179372691043
  4.90066159312529e-09        365.96185956507       749.932534305134
  4.92390704168775e-09       365.839065608191        749.68090368788
  4.94713026654692e-09       365.713935999861       749.424486829942
  4.97033644277954e-09       365.586466571975       749.163275190476
  4.99353003483371e-09       365.456648648062       748.897250989046
  5.01671613140231e-09       365.324475278211       748.626399984175
   5.0398994820093e-09       365.189933759651        748.35069614535
  5.06308373791039e-09       365.053011135307       748.070112920278
  5.08627156969132e-09       364.913699037011       747.784633161557
  5.10946601679369e-09       364.771993543126       747.494248832355
  5.13267100138855e-09       364.627887174572       747.198944606495
  5.15589051829668e-09       364.481365428877       746.898690765372
  5.17912827575406e-09       364.332411632053       746.593453140795
  5.20238758155199e-09       364.181009299012        746.28319795115
  5.22567144774157e-09       364.027143059264       745.967893699178
  5.24898261337061e-09       363.870798158978       745.647510151018
  5.27232336126091e-09       363.711960463892       745.322018342676
  5.29569477856806e-09       363.550617890656       744.991393512813
  5.31909726317162e-09       363.386765897005       744.655626353602
  5.34253200419901e-09       363.220404425058         744.3147167457
  5.36600077503638e-09       363.051527426891       743.968652296513
  5.38950536825783e-09       362.880124016709       743.617410698447
   5.4130474371778e-09       362.706182429101       743.260967841444
   5.4366292812643e-09       362.529691218868        742.89930027231
  5.46025423175705e-09       362.350633296056       742.532372969752
   5.4839257778972e-09       362.168982620712       742.160132572593
  5.50764707629841e-09       361.984710603769       741.782520496269
  5.53142128614741e-09       361.797789954819       741.399480816255
  5.55525152907684e-09       361.608192143232       741.010955067367
  5.57914071015691e-09       361.415887732671        740.61688292892
  5.60309128567003e-09       361.220847885301       740.217205305576
  5.62710506255093e-09       361.023046408919       739.811868524708
  5.65118340652216e-09       360.822461668805        739.40082825144
  5.67532716775959e-09       360.619075117736       738.984046478855
  5.69953737386883e-09       360.412872147526       738.561493272165
  5.72381485753838e-09       360.203836284683       738.133134873202
  5.74815985460046e-09       359.991952392394       737.698940263607
  5.77257338262712e-09       359.777210345476       737.258888694759
  5.79705745613301e-09       359.559592892331       736.812944814769
  5.82161395483615e-09       359.339073335719       736.361053914882
   5.8462448717218e-09       359.115625474828       735.903162304475
  5.87095292825115e-09        358.88922136797       735.439212725096
   5.8957408162142e-09       358.659825514627       734.969132428615
  5.92061058305228e-09       358.427401700685       734.492847205069
  5.94556358489275e-09       358.191918892235       734.010293458717
  5.97060092972845e-09        357.95335198597       733.521419748411
  5.99572378358382e-09       357.711677811005       733.026178591768
  6.02093335610321e-09       357.466872231512       732.524520529311
  6.04623089214175e-09       357.218910263856       732.016394364692
  6.07161734770086e-09        356.96776614229       731.501747297956
  6.09709332485053e-09       356.713416578929       730.980531607665
  6.12265969496303e-09       356.455841560424        730.45270628246
  6.14831785222628e-09        356.19501809525       729.918224207456
  6.17406941883797e-09       355.930917458253       729.377026519053
  6.19991562100798e-09       355.663508041887         728.8290484463
  6.22585697088517e-09        355.39276184514       728.274232610014
  6.25189382816864e-09       355.118658044675       727.712536338428
   6.2780269360002e-09       354.841177282725       727.143919963025
  6.30425742356564e-09        354.56029592749       726.568335057966
  6.33058671072119e-09       354.275985871955       725.985724025528
  6.35701647393874e-09       353.988215409089       725.396021891712
  6.38354833995121e-09       353.696949479724       724.799156812563
