#                    x          0.00100000004                      0
#                    y   0.000250000011874363   0.000250000011874363
#                    z   0.000250000011874363   0.000250000011874363
#                 Time
                 5e-13                      (26562.5641408845 0 0)                      (26562.5477891331 0 0)
             1.005e-10                      (3.17143136429932 0 0)                      (3.17139616720556 0 0)
  1.79306918826666e-10                      (3641.16318142294 0 0)                      (3641.16359740361 0 0)
   1.9229921593369e-10                      (7867.20116188925 0 0)                      (7867.2010138865 0 0)
  1.96834598407814e-10                      (110.26058425056 0 0)                      (110.260589003009 0 0)
  2.49792071008486e-10                      (49.1919812635155 0 0)                      (49.1919759273365 0 0)
  2.91121371764696e-10                      (454.212090296857 0 0)                      (454.2120921865 0 0)
  3.41848837851083e-10                      (249.777005141139 0 0)                      (249.777005654758 0 0)
   4.1217206144138e-10                      (223.03906321912 0 0)                      (223.039062962917 0 0)
  5.06090581867042e-10                      (279.042171968041 0 0)                      (279.042170889392 0 0)
  6.06090581867042e-10                      (353.340523368686 0 0)                      (353.34052438705 0 0)
  7.06090581867042e-10                      (355.34666320513 0 0)                      (355.346664128254 0 0)
  8.06090581867042e-10                      (335.451545017744 0 0)                      (335.451544715851 0 0)
  9.06090581867042e-10                      (316.482689614298 0 0)                      (316.482689746417 0 0)
  1.00609058186704e-09                      (298.390661524526 0 0)                      (298.39066161385 0 0)
  1.10609058186704e-09                      (281.128677942253 0 0)                      (281.128678151361 0 0)
  1.20609058186704e-09                      (264.652466665797 0 0)                      (264.652466757189 0 0)
  1.30609058186704e-09                      (248.920131775418 0 0)                      (248.920131839623 0 0)
  1.40609058186704e-09                      (233.89202671613 0 0)                      (233.892026827933 0 0)
  1.50609058186704e-09                      (219.530634082712 0 0)                      (219.53063417512 0 0)
  1.60609058186704e-09                      (205.800451735975 0 0)                      (205.800451807542 0 0)
  1.70609058186704e-09                      (192.667885084326 0 0)                      (192.667885203432 0 0)
  1.80609058186704e-09                      (180.101145169797 0 0)                      (180.101145294452 0 0)
  1.90609058186704e-09                      (168.070152067871 0 0)                      (168.070152149556 0 0)
  2.00609058186704e-09                      (156.546443560962 0 0)                      (156.546443676575 0 0)
  2.10609058186704e-09                      (145.503088675384 0 0)                      (145.503088666543 0 0)
  2.20609058186704e-09                      (134.914605733453 0 0)                      (134.9146058341 0 0)
  2.30609058186704e-09                      (124.756885005822 0 0)                      (124.75688513761 0 0)
  2.40609058186704e-09                      (115.007115277575 0 0)                      (115.007115366009 0 0)
  2.50609058186704e-09                      (105.643714394294 0 0)                      (105.643714443387 0 0)
  2.60609058186704e-09                      (96.6462636212276 0 0)                      (96.6462637892829 0 0)
  2.70609058186704e-09                      (87.9954454522324 0 0)                      (87.9954454208572 0 0)
  2.80609058186704e-09                      (79.6729845822593 0 0)                      (79.672984758005 0 0)
  2.90609058186704e-09                      (71.6615924344654 0 0)                      (71.6615924701243 0 0)
  3.00609058186704e-09                      (63.9449141067389 0 0)                      (63.9449142515059 0 0)
  3.10609058186704e-09                      (56.5074787062961 0 0)                      (56.5074787806778 0 0)
  3.20609058186704e-09                      (49.3346518838382 0 0)                      (49.334651937183 0 0)
  3.30609058186704e-09                      (42.8279827109805 0 0)                      (42.8279827371247 0 0)
  3.40512067457229e-09                      (43.5287714018903 0 0)                      (43.5287715633614 0 0)
  3.48720017771538e-09                      (42.7410142508181 0 0)                      (42.7410142921511 0 0)
  3.55515503805109e-09                      (33.3091867439397 0 0)                      (33.3091869186877 0 0)
  3.61469272853965e-09                      (25.7307986096145 0 0)                      (25.7307985787901 0 0)
  3.66744098798278e-09                      (20.4437968135538 0 0)                      (20.4437970198759 0 0)
  3.71511967173608e-09                      (15.9949230754365 0 0)                      (15.9949233252623 0 0)
  3.75876186492691e-09                      (12.2150871531567 0 0)                      (12.2150870858985 0 0)
  3.79950959765547e-09                      (8.94745866185026 0 0)                      (8.94745877604963 0 0)
  3.83812260062642e-09                      (6.16301737152522 0 0)                      (6.16301760076601 0 0)
  3.87508515761517e-09                      (3.72917684041899 0 0)                      (3.72917657324336 0 0)
  3.91042328314795e-09                      (1.47140147105337 0 0)                      (1.47140164445509 0 0)
    3.944390453564e-09                      (-0.64316229460851 0 0)                      (-0.643162219739588 0 0)
  3.97717364588028e-09                      (-2.61856342747916 0 0)                      (-2.61856344493649 0 0)
  4.00896036659533e-09                      (-4.47112255776102 0 0)                      (-4.47112247507666 0 0)
  4.03991594689033e-09                      (-6.222977407306 0 0)                      (-6.22297723084655 0 0)
  4.07017005286425e-09                      (-7.90027945778094 0 0)                      (-7.90027937891236 0 0)
  4.09980845654425e-09                      (-9.5182117660126 0 0)                      (-9.51821154140439 0 0)
  4.12890366283509e-09                      (-11.0954830640912 0 0)                      (-11.0954829521958 0 0)
  4.15747774910894e-09                      (-12.6469593072801 0 0)                      (-12.6469593620345 0 0)
  4.18554277028102e-09                      (-14.1347166231785 0 0)                      (-14.1347164046106 0 0)
  4.21316124377071e-09                      (-15.5560339078147 0 0)                      (-15.5560339585418 0 0)
  4.24038010941303e-09                      (-16.942698803613 0 0)                      (-16.9426986618684 0 0)
  4.26724128656631e-09                      (-18.2973908687201 0 0)                      (-18.2973907921374 0 0)
  4.29377729098912e-09                      (-19.625156145707 0 0)                      (-19.6251563336593 0 0)
  4.32001597345702e-09                      (-20.9268172354728 0 0)                      (-20.9268168919727 0 0)
  4.34598067323216e-09                      (-22.2046937638892 0 0)                      (-22.2046936825329 0 0)
  4.37169146389444e-09                      (-23.4569658636334 0 0)                      (-23.456965818914 0 0)
  4.39716914412798e-09                      (-24.6885562852374 0 0)                      (-24.6885562976156 0 0)
  4.42242813007805e-09                      (-25.9023799540907 0 0)                      (-25.9023797553737 0 0)
  4.44748299907708e-09                      (-27.0937473315148 0 0)                      (-27.0937472550952 0 0)
  4.47234826631879e-09                      (-28.2639846899442 0 0)                      (-28.2639845281133 0 0)
  4.49703832614197e-09                      (-29.4144719033353 0 0)                      (-29.4144716182206 0 0)
  4.52156721983901e-09                      (-30.547497405954 0 0)                      (-30.5474977661481 0 0)
  4.54594788243698e-09                      (-31.6649111400801 0 0)                      (-31.6649111218068 0 0)
  4.57019238169133e-09                      (-32.7681059433916 0 0)                      (-32.7681057030327 0 0)
  4.59431153383836e-09                      (-33.8576538959784 0 0)                      (-33.857653862481 0 0)
  4.61831569700653e-09                      (-34.932351017241 0 0)                      (-34.9323508152137 0 0)
  4.64221549238417e-09                      (-35.9929794813219 0 0)                      (-35.9929795657819 0 0)
  4.66602104624913e-09                      (-37.0416218986536 0 0)                      (-37.0416216658578 0 0)
  4.68974187626198e-09                      (-38.0789230820152 0 0)                      (-38.0789228091235 0 0)
  4.71338711588429e-09                      (-39.1053449108882 0 0)                      (-39.1053447364154 0 0)
  4.73696547207103e-09                      (-40.1225313940093 0 0)                      (-40.1225311641288 0 0)
  4.76048471539707e-09                      (-41.1327067194069 0 0)                      (-41.1327067400408 0 0)
  4.78395134673503e-09                      (-42.1369003707439 0 0)                      (-42.1369002488298 0 0)
  4.80737080844509e-09                      (-43.1351722591594 0 0)                      (-43.1351725837807 0 0)
   4.8307476496441e-09                      (-44.1272880254469 0 0)                      (-44.1272880303507 0 0)
  4.85408582257603e-09                      (-45.112312645741 0 0)                      (-45.1123126597511 0 0)
  4.87738913887449e-09                      (-46.0890843968826 0 0)                      (-46.0890838888754 0 0)
  4.90066159312529e-09                      (-47.0578610504473 0 0)                      (-47.0578612471128 0 0)
  4.92390704168775e-09                      (-48.0173708479055 0 0)                      (-48.0173705993873 0 0)
  4.94713026654692e-09                      (-48.9666522651157 0 0)                      (-48.9666523307171 0 0)
  4.97033644277954e-09                      (-49.9093530614558 0 0)                      (-49.9093527191593 0 0)
  4.99353003483371e-09                      (-50.8453148553314 0 0)                      (-50.8453150634377 0 0)
  5.01671613140231e-09                      (-51.773995884063 0 0)                      (-51.7739960011457 0 0)
   5.0398994820093e-09                      (-52.6995725291626 0 0)                      (-52.6995721428058 0 0)
  5.06308373791039e-09                      (-53.6239752142679 0 0)                      (-53.623975404166 0 0)
  5.08627156969132e-09                      (-54.5442211093827 0 0)                      (-54.5442206378638 0 0)
  5.10946601679369e-09                      (-55.456102287676 0 0)                      (-55.456102217051 0 0)
  5.13267100138855e-09                      (-56.3603830231046 0 0)                      (-56.3603828650801 0 0)
  5.15589051829668e-09                      (-57.2600620125045 0 0)                      (-57.2600623699517 0 0)
  5.17912827575406e-09                      (-58.1565689111041 0 0)                      (-58.1565689041202 0 0)
  5.20238758155199e-09                      (-59.0502067451185 0 0)                      (-59.0502065189183 0 0)
  5.22567144774157e-09                      (-59.9409059279584 0 0)                      (-59.9409058550334 0 0)
  5.24898261337061e-09                      (-60.8293123466884 0 0)                      (-60.8293121579023 0 0)
  5.27232336126091e-09                      (-61.7180908659017 0 0)                      (-61.7180908695782 0 0)
  5.29569477856806e-09                      (-62.6081643311719 0 0)                      (-62.6081643012017 0 0)
  5.31909726317162e-09                      (-63.4944160113778 0 0)                      (-63.4944155769959 0 0)
  5.34253200419901e-09                      (-64.3733890709479 0 0)                      (-64.3733894907084 0 0)
  5.36600077503638e-09                      (-65.24717717685 0 0)                      (-65.2471767848318 0 0)
  5.38950536825783e-09                      (-66.1178616960493 0 0)                      (-66.1178615780837 0 0)
   5.4130474371778e-09                      (-66.9837775865419 0 0)                      (-66.9837778161572 0 0)
   5.4366292812643e-09                      (-67.8416100472731 0 0)                      (-67.8416096663819 0 0)
  5.46025423175705e-09                      (-68.6927480667196 0 0)                      (-68.6927481933411 0 0)
   5.4839257778972e-09                      (-69.5412569017275 0 0)                      (-69.5412569223108 0 0)
  5.50764707629841e-09                      (-70.3877811845715 0 0)                      (-70.3877805228442 0 0)
  5.53142128614741e-09                      (-71.2316148184525 0 0)                      (-71.2316145686256 0 0)
  5.55525152907684e-09                      (-72.073570759806 0 0)                      (-72.0735711111572 0 0)
  5.57914071015691e-09                      (-72.9150661394759 0 0)                      (-72.9150659402448 0 0)
  5.60309128567003e-09                      (-73.7576144058536 0 0)                      (-73.7576148153214 0 0)
  5.62710506255093e-09                      (-74.6013867414857 0 0)                      (-74.6013862211704 0 0)
  5.65118340652216e-09                      (-75.4461269382768 0 0)                      (-75.4461270875185 0 0)
  5.67532716775959e-09                      (-76.290020946309 0 0)                      (-76.2900210363065 0 0)
  5.69953737386883e-09                      (-77.1321143581403 0 0)                      (-77.1321140793179 0 0)
  5.72381485753838e-09                      (-77.974943168323 0 0)                      (-77.9749430973814 0 0)
  5.74815985460046e-09                      (-78.815455765296 0 0)                      (-78.8154558009728 0 0)
  5.77257338262712e-09                      (-79.6484646620716 0 0)                      (-79.6484647030141 0 0)
  5.79705745613301e-09                      (-80.4769066474547 0 0)                      (-80.4769062123203 0 0)
  5.82161395483615e-09                      (-81.3037410372966 0 0)                      (-81.3037410794806 0 0)
   5.8462448717218e-09                      (-82.1261783227273 0 0)                      (-82.1261783317807 0 0)
  5.87095292825115e-09                      (-82.9447258158902 0 0)                      (-82.9447256662945 0 0)
   5.8957408162142e-09                      (-83.7640853469632 0 0)                      (-83.7640853138267 0 0)
  5.92061058305228e-09                      (-84.5866503584452 0 0)                      (-84.5866499190493 0 0)
  5.94556358489275e-09                      (-85.4112227871631 0 0)                      (-85.411223099284 0 0)
  5.97060092972845e-09                      (-86.2353303423106 0 0)                      (-86.2353302490072 0 0)
  5.99572378358382e-09                      (-87.058016721741 0 0)                      (-87.0580164769403 0 0)
  6.02093335610321e-09                      (-87.8794025174748 0 0)                      (-87.8794025075861 0 0)
  6.04623089214175e-09                      (-88.7006929903237 0 0)                      (-88.7006927700833 0 0)
  6.07161734770086e-09                      (-89.5233191858295 0 0)                      (-89.5233191491591 0 0)
  6.09709332485053e-09                      (-90.3453770961028 0 0)                      (-90.3453773237569 0 0)
  6.12265969496303e-09                      (-91.1637724360342 0 0)                      (-91.1637721181256 0 0)
  6.14831785222628e-09                      (-91.9786472408985 0 0)                      (-91.978647236552 0 0)
  6.17406941883797e-09                      (-92.7933224781197 0 0)                      (-92.7933222512516 0 0)
  6.19991562100798e-09                      (-93.6112704496809 0 0)                      (-93.6112708597684 0 0)
  6.22585697088517e-09                      (-94.4317020044718 0 0)                      (-94.4317017293157 0 0)
  6.25189382816864e-09                      (-95.2506642390089 0 0)                      (-95.2506640294099 0 0)
   6.2780269360002e-09                      (-96.0661823764178 0 0)                      (-96.0661824846159 0 0)
  6.30425742356564e-09                      (-96.8785943741113 0 0)                      (-96.8785940337221 0 0)
  6.33058671072119e-09                      (-97.6883933278284 0 0)                      (-97.6883934399797 0 0)
  6.35701647393874e-09                      (-98.4968722696881 0 0)                      (-98.496871975674 0 0)
  6.38354833995121e-09                      (-99.3058172463671 0 0)                      (-99.305817285607 0 0)
