/*--------------------------------*- C++ -*----------------------------------*\
| =========                 |                                                 |
| \\      /  F ield         | foam-extend: Open Source CFD                    |
|  \\    /   O peration     | Version:     4.0                                |
|   \\  /    A nd           | Web:         http://www.foam-extend.org         |
|    \\/     M anipulation  |                                                 |
\*---------------------------------------------------------------------------*/
FoamFile
{
    version     2.0;
    format      ascii;
    class       faceList;
    location    "constant/polyMesh";
    object      faces;
}
// * * * * * * * * * * * * * * * * * * * * * * * * * * * * * * * * * * * * * //


51
(
4(2 24 25 3)
4(4 26 27 5)
4(6 28 29 7)
4(8 30 31 9)
4(10 32 33 11)
4(12 34 35 13)
4(14 36 37 15)
4(16 38 39 17)
4(18 40 41 19)
4(0 1 23 22)
4(20 42 43 21)
4(0 22 24 2)
4(2 24 26 4)
4(4 26 28 6)
4(6 28 30 8)
4(8 30 32 10)
4(10 32 34 12)
4(12 34 36 14)
4(14 36 38 16)
4(16 38 40 18)
4(18 40 42 20)
4(1 3 25 23)
4(3 5 27 25)
4(5 7 29 27)
4(7 9 31 29)
4(9 11 33 31)
4(11 13 35 33)
4(13 15 37 35)
4(15 17 39 37)
4(17 19 41 39)
4(19 21 43 41)
4(0 2 3 1)
4(2 4 5 3)
4(4 6 7 5)
4(6 8 9 7)
4(8 10 11 9)
4(10 12 13 11)
4(12 14 15 13)
4(14 16 17 15)
4(16 18 19 17)
4(18 20 21 19)
4(22 23 25 24)
4(24 25 27 26)
4(26 27 29 28)
4(28 29 31 30)
4(30 31 33 32)
4(32 33 35 34)
4(34 35 37 36)
4(36 37 39 38)
4(38 39 41 40)
4(40 41 43 42)
)


// ************************************************************************* //
