(
(9148.56045242489	28.9258761364323)
(63326.9890520763	31.9382185638821)
(66914.6535368741	32.0164422526783)
(69941.6424406573	32.0726662516652)
(72531.0267076447	32.1159647466412)
(74754.7162974123	32.1500276827832)
(76694.6810918546	32.1775199320883)
(78423.8322688991	32.2003521134048)
(79994.6510557014	32.2197775207618)
(81445.3927828628	32.2366520374386)
(82807.3665413437	32.2516229948182)
(84096.233793671	32.2650435896468)
(85331.6394302209	32.277266881424)
(86523.004961169	32.2885070849961)
(87679.7898948443	32.2989259892388)
(88808.0072875552	32.308659249911)
(89914.7498250672	32.3178142846713)
(91001.9321863373	32.3264590277044)
(92076.1298872547	32.3346748004245)
(93135.064855621	32.3424766249239)
(94188.6384669924	32.3499726309941)
(95231.0182057158	32.3571295022516)
(96268.1133643486	32.3640077932944)
(97301.334857731	32.370644541783)
(98328.7338086269	32.3770252399235)
(99353.9865772915	32.3831892384128)
(100377.619374997	32.3891655305279)
(101398.92045446	32.3949313202286)
(102419.341875857	32.400520089871)
(103440.342678203	32.4059537567367)
(104460.830918381	32.4112177840481)
(105481.465812018	32.4163260909796)
(106502.516582389	32.4212862983343)
(107525.572868313	32.426117231093)
(108550.294239504	32.4308209728922)
(109574.413492558	32.4353703772063)
(110601.599474468	32.4398128194209)
(111632.047257316	32.4441571811785)
(112663.669860732	32.448367578156)
(113695.174155128	32.4524464538029)
(114730.48220082	32.4564498301604)
(115772.6875771	32.4603724137714)
(116812.494880458	32.4641522764738)
(117851.844666726	32.4678229020434)
(118901.69413818	32.4714562697318)
(119954.4606636	32.4749974164102)
(121003.794590343	32.4784050470687)
(122056.065633792	32.481728462825)
(123118.990415686	32.485024720891)
(124182.633344465	32.4882228390048)
(125244.470987497	32.4913109312943)
(126311.284384504	32.4943319196012)
(127386.409038138	32.4973154543145)
(128462.820609658	32.5002146879836)
(129539.018360311	32.5030284690099)
(130620.131079995	32.5057706150857)
(131707.573575714	32.5084694540071)
(132796.480827451	32.5111056309168)
(133889.710092064	32.5136752481785)
(134986.219435695	32.5161783469881)
(136084.428273681	32.5186145481889)
(137187.134883309	32.5210097710689)
(138295.957938489	32.5233546312817)
(139408.596790371	32.5256447077685)
(140520.852870478	32.5278647360195)
(141636.237007784	32.5300296460706)
(142760.637647156	32.5321687012891)
(143886.19989507	32.5342559670659)
(145017.440788519	32.5362977256303)
(146146.381072627	32.5382641192209)
(147282.967753144	32.5402041369748)
(148423.41643021	32.5421034824153)
(149569.161078295	32.5439704918554)
(150716.435184077	32.545785278082)
(151866.609821373	32.54754750718)
(153019.43056296	32.5492641069227)
(154177.512726073	32.5509544422394)
(155341.069717822	32.5526237755257)
(156508.938319577	32.5542508836334)
(157678.219004325	32.5558251750048)
(158846.662030338	32.5573433328858)
(160022.224896708	32.5588502088094)
(161203.241140974	32.560338646085)
(162390.945834279	32.5617978044388)
(163579.735297582	32.5632058492892)
(164766.6258644	32.5645643278187)
(165954.908006162	32.5658872486776)
(167156.620582994	32.5672202477848)
(168361.476764728	32.5685214172094)
(169567.283308421	32.5697847926209)
(170774.013041992	32.5710026941425)
(171980.40529858	32.5721764609461)
(173193.562482114	32.5733440695456)
(174416.181858843	32.5745076964997)
(175641.488064639	32.5756371295089)
(176865.595943666	32.5767311978719)
(178091.28955989	32.5777879868706)
(179320.507799038	32.5788174505125)
(180554.575903902	32.5798316339812)
(181794.665725257	32.5808357112774)
)