(
8				3.40799937264265E+021
10				3.40799937264265E+021
12				3.40799937264265E+021
15				3.3857248669391E+021
20				3.36345036123555E+021
25				3.31890134982846E+021
30				3.27435233842137E+021
40				3.20752882131073E+021
50				3.14070530420009E+021
60				3.07388178708945E+021
80				2.94023475286817E+021
100				2.82886222435043E+021
120				2.7174896958327E+021
150				2.58384266161142E+021
200				2.36109760457595E+021
250				2.20517606465113E+021
300				2.11607804183694E+021
400				1.89333298480147E+021
500				1.73741144487664E+021
600				1.60376441065536E+021
800				1.40329385932344E+021
1000				1.24737231939862E+021
1200				1.13599979088088E+021
1500				1.02462726236315E+021
2000				8.90980228141869E+020
)
