(
5				4.07623454374905E+021
6				4.07623454374905E+021
8				4.07623454374905E+021
10				4.07623454374905E+021
12				4.07623454374905E+021
15				4.07623454374905E+021
20				4.07623454374905E+021
25				4.0985090494526E+021
30				4.0985090494526E+021
40				4.12078355515614E+021
50				4.14305806085969E+021
60				4.18760707226678E+021
80				4.25443058937742E+021
100				4.29897960078452E+021
120				4.29897960078452E+021
140				4.23215608367388E+021
160				4.14305806085969E+021
170				4.00941102663841E+021
)
