(
(19404.48			21.5566123424767)
(20882.32			22.1571413459557)
(22128.16			23.177551513589)
(23368.2			24.0178617851825)
(24357.68			24.5882027274881)
(26591.84			26.1488757247712)
(28327.2			27.289539368635)
(34199.12			28.1912178436572)
(39103.6			29.3926769158353)
(47406.88			30.1150775710701)
(47514.76			30.1218351990885)
(49479.8			30.2440594540589)
(51208.2			30.3519288502163)
(54401.68			30.5504281409874)
(56863.2			30.701523977772)
(58632.2			30.8082247516301)
(59327.04			30.8495488802307)
(60323.48			30.9075904381207)
(61814.08			30.9902532803959)
(63593.52			31.0787463586494)
(63855.68			31.090745359863)
(64272.12			31.1091289201618)
(64869.52			31.1339121986936)
(67087.44			31.2110075446346)
(67460.96			31.2215278053088)
(68332.12			31.2440301919172)
(69120.92			31.2614191343361)
(70075.6			31.2791383133212)
(72111.4			31.3080407192159)
(74259.72			31.3294431940321)
(77247.88			31.3508351730089)
(78185.16			31.3566567583632)
(82279.96			31.3851258865321)
(83574.52			31.398296876988)
(85304.08			31.4201880244576)
(88952.28			31.4773540040534)
(91652.76			31.5196617110763)
(93005.32			31.5382282637071)
(94820.72			31.5600150962479)
(102639.12			31.6326248646958)
(103849			31.6425959109837)
(106164.36			31.6620307701579)
(110188.4			31.6996998096003)
(111668.56			31.7152309279599)
(115182.2			31.7545959150937)
(121649.2			31.8227891687943)
(124686.08			31.8473418658002)
(127036.24			31.8612812181026)
(132135.6			31.877618043032)
(134676			31.8802004667793)
(136545.92			31.8804583427423)
(140420.32			31.8795984974615)
(145640.32			31.8833762988121)
(146787.56			31.8856019460242)
(150170.12			31.8953024986072)
(155319.36			31.9201417434576)
(157967.64			31.9396106610489)
(158798.2			31.9471968486698)
(164097.08			32.0090031070484)
(166743.04			32.0334910794683)
(168546.84			32.0399602632441)
(173358.52			32.0213220489847)
(175271.36			32.0077174195958)
(179265.24			31.9830475099413)
(181159.52			31.9794730248237)
(184777.56			31.9934646727035)
(186763.48			32.010287143631)
(187306.36			32.015331765254)
)