(
(19404.48	-40.7513558623967)
(20882.32	-40.7513558623967)
(22128.16	-40.7513558623967)
(23368.2	-40.7513558623967)
(24357.68	-40.7513558623967)
(26591.84	-40.7513558623967)
(28327.2	-40.7513558623967)
(34199.12	-40.7513558623967)
(39103.6	-40.7513558623967)
(47406.88	-25.953147249724)
(47514.76	-25.6744186482776)
(49479.8	-20.6376020158358)
(51208.2	-16.2022182735106)
(54401.68	-8.01021572230908)
(56863.2	-1.68957268934588)
(58632.2	2.85608752381151)
(59327.04	4.64183930042652)
(60323.48	7.20719940151838)
(61814.08	11.0527388032297)
(63593.52	15.7192461315073)
(63855.68	16.4393071178439)
(64272.12	17.3074626073089)
(64869.52	17.9396700384947)
(67087.44	18.8703333640681)
(67460.96	19.0553145649125)
(68332.12	19.8607101185361)
(69120.92	20.7119542818477)
(70075.6	21.331274550979)
(72111.4	22.1813926940008)
(74259.72	22.8925220996559)
(77247.88	23.7201248654735)
(78185.16	23.9437194564418)
(82279.96	24.8058521072716)
(83574.52	25.0252718657858)
(85304.08	25.2644165350758)
(88952.28	25.6868570974994)
(91652.76	26.063116816754)
(93005.32	26.2563548852893)
(94820.72	26.4985538193292)
(102639.12	27.3108328213242)
(103849	27.4107622249781)
(106164.36	27.5770307772583)
(110188.4	27.8077600521871)
(111668.56	27.8834923748228)
(115182.2	28.0551530169747)
(121649.2	28.3520329460168)
(124686.08	28.4827786173178)
(127036.24	28.5778084625878)
(132135.6	28.7523113712639)
(134676	28.8245955238349)
(136545.92	28.8806783523412)
(140420.32	29.0128928616866)
(145640.32	29.1832218302428)
(146787.56	29.2136185437458)
(150170.12	29.2778245216593)
(155319.36	29.366053395973)
(157967.64	29.4485933506292)
(158798.2	29.4777038399256)
(164097.08	29.6385635940188)
(166743.04	29.6767322292213)
(168546.84	29.6908795797095)
(173358.52	29.7312746772574)
(175271.36	29.7668336573525)
(179265.24	29.8698434934366)
(181159.52	29.9134856410887)
(184777.56	29.9338603766192)
(186763.48	29.9151432526663)
(187306.36	29.9091135783345)
)