(
(19404.48		-40.7513558623967)
(20882.32		-40.7513558623967)
(22128.16		-40.7513558623967)
(23368.2		-40.7513558623967)
(24357.68		-40.7513558623967)
(26591.84		-40.7513558623967)
(28327.2		-40.7513558623967)
(34199.12		-40.7513558623967)
(39103.6		-40.7513558623967)
(47406.88		15.7799129803786)
(47514.76		15.804603533154)
(49479.8		16.3751877960417)
(51208.2		17.2756133746839)
(54401.68		18.2366849463992)
(56863.2		19.1974998233132)
(58632.2		19.9041254089911)
(59327.04		20.2181979720941)
(60323.48		21.0584859900381)
(61814.08		22.1689859368036)
(63593.52		22.7667945643379)
(63855.68		22.8373571561445)
(64272.12		22.949688158902)
(64869.52		23.1165872656492)
(67087.44		23.6821485279937)
(67460.96		23.76053172376)
(68332.12		23.9272302370607)
(69120.92		24.0660349871266)
(70075.6		24.226700742801)
(72111.4		24.5720394739225)
(74259.72		24.9605104270915)
(77247.88		25.3534855864445)
(78185.16		25.4388854779475)
(82279.96		25.7381609119461)
(83574.52		25.8267068561046)
(85304.08		25.9558287754416)
(88952.28		26.3055984613913)
(91652.76		26.4976189777167)
(93005.32		26.5708179804187)
(94820.72		26.6580031948708)
(102639.12		26.9689544917761)
(103849		27.0112465086114)
(106164.36		27.0860497382581)
(110188.4		27.1930083116824)
(111668.56		27.2347705135652)
(115182.2		27.3404173929427)
(121649.2		27.5563519001532)
(124686.08		27.6697779137975)
(127036.24		27.7589497021054)
(132135.6		27.9193335646515)
(134676		27.954631868542)
(136545.92		27.9631787437116)
(140420.32		27.9817540691545)
(145640.32		28.0633547700051)
(146787.56		28.0838568032943)
(150170.12		28.1345468602897)
(155319.36		28.1528318063111)
(157967.64		28.1667788358016)
(158798.2		28.176982111501)
(164097.08		28.2743008903022)
(166743.04		28.319322183026)
(168546.84		28.3399544371178)
(173358.52		28.369162120813)
(175271.36		28.3817480993094)
(179265.24		28.4248642198316)
(181159.52		28.450930454454)
(184777.56		28.5043832192196)
(186763.48		28.5343545028108)
(187306.36		28.5423749614087)
)