/*--------------------------------*- C++ -*----------------------------------*\
| =========                 |                                                 |
| \\      /  F ield         | foam-extend: Open Source CFD                    |
|  \\    /   O peration     | Version:     4.0                                |
|   \\  /    A nd           | Web:         http://www.foam-extend.org         |
|    \\/     M anipulation  |                                                 |
\*---------------------------------------------------------------------------*/
FoamFile
{
    version     2.0;
    format      ascii;
    class       vectorField;
    location    "constant/polyMesh";
    object      points;
}
// * * * * * * * * * * * * * * * * * * * * * * * * * * * * * * * * * * * * * //


1204
(
(0 0 0)
(0.000211666666666667 0 0)
(0.000423333333333333 0 0)
(0.000635 0 0)
(0.000846666666666667 0 0)
(0.00105833333333333 0 0)
(0.00127 0 0)
(0.00148166666666667 0 0)
(0.00169333333333333 0 0)
(0.001905 0 0)
(0.00211666666666667 0 0)
(0.00232833333333333 0 0)
(0.00254 0 0)
(0.00275166666666667 0 0)
(0.00296333333333333 0 0)
(0.003175 0 0)
(0.00338666666666667 0 0)
(0.00359833333333333 0 0)
(0.00381 0 0)
(0.00402166666666667 0 0)
(0.00423333333333333 0 0)
(0.004445 0 0)
(0.00465666666666667 0 0)
(0.00486833333333333 0 0)
(0.00508 0 0)
(0.00529166666666667 0 0)
(0.00550333333333333 0 0)
(0.005715 0 0)
(0.00592666666666667 0 0)
(0.00613833333333333 0 0)
(0.00635 0 0)
(0.00656166666666667 0 0)
(0.00677333333333333 0 0)
(0.006985 0 0)
(0.00719666666666667 0 0)
(0.00740833333333333 0 0)
(0.00762 0 0)
(0.00783166666666667 0 0)
(0.00804333333333333 0 0)
(0.008255 0 0)
(0.00846666666666667 0 0)
(0.00867833333333333 0 0)
(0.00889 0 0)
(0.00910166666666667 0 0)
(0.00931333333333333 0 0)
(0.009525 0 0)
(0.00973666666666667 0 0)
(0.00994833333333333 0 0)
(0.01016 0 0)
(0.0103716666666667 0 0)
(0.0105833333333333 0 0)
(0.010795 0 0)
(0.0110066666666667 0 0)
(0.0112183333333333 0 0)
(0.01143 0 0)
(0.0116416666666667 0 0)
(0.0118533333333333 0 0)
(0.012065 0 0)
(0.0122766666666667 0 0)
(0.0124883333333333 0 0)
(0.0127 0 0)
(0.0129116666666667 0 0)
(0.0131233333333333 0 0)
(0.013335 0 0)
(0.0135466666666667 0 0)
(0.0137583333333333 0 0)
(0.01397 0 0)
(0.0141816666666667 0 0)
(0.0143933333333333 0 0)
(0.014605 0 0)
(0.0148166666666667 0 0)
(0.0150283333333333 0 0)
(0.01524 0 0)
(0.0154516666666667 0 0)
(0.0156633333333333 0 0)
(0.015875 0 0)
(0.0160866666666667 0 0)
(0.0162983333333333 0 0)
(0.01651 0 0)
(0.0167216666666667 0 0)
(0.0169333333333333 0 0)
(0.017145 0 0)
(0.0173566666666667 0 0)
(0.0175683333333333 0 0)
(0.01778 0 0)
(0.0179916666666667 0 0)
(0.0182033333333333 0 0)
(0.018415 0 0)
(0.0186266666666667 0 0)
(0.0188383333333333 0 0)
(0.01905 0 0)
(0.0192616666666667 0 0)
(0.0194733333333333 0 0)
(0.019685 0 0)
(0.0198966666666667 0 0)
(0.0201083333333333 0 0)
(0.02032 0 0)
(0.0205316666666667 0 0)
(0.0207433333333333 0 0)
(0.020955 0 0)
(0.0211666666666667 0 0)
(0.0213783333333333 0 0)
(0.02159 0 0)
(0.0218016666666667 0 0)
(0.0220133333333333 0 0)
(0.022225 0 0)
(0.0224366666666667 0 0)
(0.0226483333333333 0 0)
(0.02286 0 0)
(0.0230716666666667 0 0)
(0.0232833333333333 0 0)
(0.023495 0 0)
(0.0237066666666667 0 0)
(0.0239183333333333 0 0)
(0.02413 0 0)
(0.0243416666666667 0 0)
(0.0245533333333333 0 0)
(0.024765 0 0)
(0.0249766666666667 0 0)
(0.0251883333333333 0 0)
(0.0254 0 0)
(0.0256116666666667 0 0)
(0.0258233333333333 0 0)
(0.026035 0 0)
(0.0262466666666667 0 0)
(0.0264583333333333 0 0)
(0.02667 0 0)
(0.0268816666666667 0 0)
(0.0270933333333333 0 0)
(0.027305 0 0)
(0.0275166666666667 0 0)
(0.0277283333333333 0 0)
(0.02794 0 0)
(0.0281516666666667 0 0)
(0.0283633333333333 0 0)
(0.028575 0 0)
(0.0287866666666667 0 0)
(0.0289983333333333 0 0)
(0.02921 0 0)
(0.0294216666666667 0 0)
(0.0296333333333333 0 0)
(0.029845 0 0)
(0.0300566666666667 0 0)
(0.0302683333333333 0 0)
(0.03048 0 0)
(0.0306916666666667 0 0)
(0.0309033333333333 0 0)
(0.031115 0 0)
(0.0313266666666667 0 0)
(0.0315383333333333 0 0)
(0.03175 0 0)
(0.0319616666666667 0 0)
(0.0321733333333333 0 0)
(0.032385 0 0)
(0.0325966666666667 0 0)
(0.0328083333333333 0 0)
(0.03302 0 0)
(0.0332316666666667 0 0)
(0.0334433333333333 0 0)
(0.033655 0 0)
(0.0338666666666667 0 0)
(0.0340783333333333 0 0)
(0.03429 0 0)
(0.0345016666666667 0 0)
(0.0347133333333333 0 0)
(0.034925 0 0)
(0.0351366666666667 0 0)
(0.0353483333333333 0 0)
(0.03556 0 0)
(0.0357716666666667 0 0)
(0.0359833333333333 0 0)
(0.036195 0 0)
(0.0364066666666667 0 0)
(0.0366183333333333 0 0)
(0.03683 0 0)
(0.0370416666666667 0 0)
(0.0372533333333333 0 0)
(0.037465 0 0)
(0.0376766666666667 0 0)
(0.0378883333333333 0 0)
(0.0381 0 0)
(0.0383116666666667 0 0)
(0.0385233333333333 0 0)
(0.038735 0 0)
(0.0389466666666667 0 0)
(0.0391583333333333 0 0)
(0.03937 0 0)
(0.0395816666666667 0 0)
(0.0397933333333333 0 0)
(0.040005 0 0)
(0.0402166666666667 0 0)
(0.0404283333333333 0 0)
(0.04064 0 0)
(0.0408516666666667 0 0)
(0.0410633333333333 0 0)
(0.041275 0 0)
(0.0414866666666667 0 0)
(0.0416983333333333 0 0)
(0.04191 0 0)
(0.0421216666666667 0 0)
(0.0423333333333333 0 0)
(0.042545 0 0)
(0.0427566666666667 0 0)
(0.0429683333333333 0 0)
(0.04318 0 0)
(0.0433916666666667 0 0)
(0.0436033333333333 0 0)
(0.043815 0 0)
(0.0440266666666667 0 0)
(0.0442383333333333 0 0)
(0.04445 0 0)
(0.0446616666666667 0 0)
(0.0448733333333333 0 0)
(0.045085 0 0)
(0.0452966666666667 0 0)
(0.0455083333333333 0 0)
(0.04572 0 0)
(0.0459316666666667 0 0)
(0.0461433333333333 0 0)
(0.046355 0 0)
(0.0465666666666667 0 0)
(0.0467783333333333 0 0)
(0.04699 0 0)
(0.0472016666666667 0 0)
(0.0474133333333333 0 0)
(0.047625 0 0)
(0.0478366666666667 0 0)
(0.0480483333333333 0 0)
(0.04826 0 0)
(0.0484716666666667 0 0)
(0.0486833333333333 0 0)
(0.048895 0 0)
(0.0491066666666667 0 0)
(0.0493183333333333 0 0)
(0.04953 0 0)
(0.0497416666666667 0 0)
(0.0499533333333333 0 0)
(0.050165 0 0)
(0.0503766666666667 0 0)
(0.0505883333333333 0 0)
(0.0508 0 0)
(0.0510116666666667 0 0)
(0.0512233333333333 0 0)
(0.051435 0 0)
(0.0516466666666667 0 0)
(0.0518583333333333 0 0)
(0.05207 0 0)
(0.0522816666666667 0 0)
(0.0524933333333333 0 0)
(0.052705 0 0)
(0.0529166666666667 0 0)
(0.0531283333333333 0 0)
(0.05334 0 0)
(0.0535516666666667 0 0)
(0.0537633333333333 0 0)
(0.053975 0 0)
(0.0541866666666667 0 0)
(0.0543983333333333 0 0)
(0.05461 0 0)
(0.0548216666666667 0 0)
(0.0550333333333333 0 0)
(0.055245 0 0)
(0.0554566666666667 0 0)
(0.0556683333333333 0 0)
(0.05588 0 0)
(0.0560916666666667 0 0)
(0.0563033333333333 0 0)
(0.056515 0 0)
(0.0567266666666667 0 0)
(0.0569383333333333 0 0)
(0.05715 0 0)
(0.0573616666666667 0 0)
(0.0575733333333333 0 0)
(0.057785 0 0)
(0.0579966666666667 0 0)
(0.0582083333333333 0 0)
(0.05842 0 0)
(0.0586316666666667 0 0)
(0.0588433333333333 0 0)
(0.059055 0 0)
(0.0592666666666667 0 0)
(0.0594783333333333 0 0)
(0.05969 0 0)
(0.0599016666666667 0 0)
(0.0601133333333333 0 0)
(0.060325 0 0)
(0.0605366666666667 0 0)
(0.0607483333333333 0 0)
(0.06096 0 0)
(0.0611716666666667 0 0)
(0.0613833333333333 0 0)
(0.061595 0 0)
(0.0618066666666667 0 0)
(0.0620183333333333 0 0)
(0.06223 0 0)
(0.0624416666666667 0 0)
(0.0626533333333333 0 0)
(0.062865 0 0)
(0.0630766666666667 0 0)
(0.0632883333333333 0 0)
(0.0635 0 0)
(0 0.0635 0)
(0.000211666666666667 0.0635 0)
(0.000423333333333333 0.0635 0)
(0.000635 0.0635 0)
(0.000846666666666667 0.0635 0)
(0.00105833333333333 0.0635 0)
(0.00127 0.0635 0)
(0.00148166666666667 0.0635 0)
(0.00169333333333333 0.0635 0)
(0.001905 0.0635 0)
(0.00211666666666667 0.0635 0)
(0.00232833333333333 0.0635 0)
(0.00254 0.0635 0)
(0.00275166666666667 0.0635 0)
(0.00296333333333333 0.0635 0)
(0.003175 0.0635 0)
(0.00338666666666667 0.0635 0)
(0.00359833333333333 0.0635 0)
(0.00381 0.0635 0)
(0.00402166666666667 0.0635 0)
(0.00423333333333333 0.0635 0)
(0.004445 0.0635 0)
(0.00465666666666667 0.0635 0)
(0.00486833333333333 0.0635 0)
(0.00508 0.0635 0)
(0.00529166666666667 0.0635 0)
(0.00550333333333333 0.0635 0)
(0.005715 0.0635 0)
(0.00592666666666667 0.0635 0)
(0.00613833333333333 0.0635 0)
(0.00635 0.0635 0)
(0.00656166666666667 0.0635 0)
(0.00677333333333333 0.0635 0)
(0.006985 0.0635 0)
(0.00719666666666667 0.0635 0)
(0.00740833333333333 0.0635 0)
(0.00762 0.0635 0)
(0.00783166666666667 0.0635 0)
(0.00804333333333333 0.0635 0)
(0.008255 0.0635 0)
(0.00846666666666667 0.0635 0)
(0.00867833333333333 0.0635 0)
(0.00889 0.0635 0)
(0.00910166666666667 0.0635 0)
(0.00931333333333333 0.0635 0)
(0.009525 0.0635 0)
(0.00973666666666667 0.0635 0)
(0.00994833333333333 0.0635 0)
(0.01016 0.0635 0)
(0.0103716666666667 0.0635 0)
(0.0105833333333333 0.0635 0)
(0.010795 0.0635 0)
(0.0110066666666667 0.0635 0)
(0.0112183333333333 0.0635 0)
(0.01143 0.0635 0)
(0.0116416666666667 0.0635 0)
(0.0118533333333333 0.0635 0)
(0.012065 0.0635 0)
(0.0122766666666667 0.0635 0)
(0.0124883333333333 0.0635 0)
(0.0127 0.0635 0)
(0.0129116666666667 0.0635 0)
(0.0131233333333333 0.0635 0)
(0.013335 0.0635 0)
(0.0135466666666667 0.0635 0)
(0.0137583333333333 0.0635 0)
(0.01397 0.0635 0)
(0.0141816666666667 0.0635 0)
(0.0143933333333333 0.0635 0)
(0.014605 0.0635 0)
(0.0148166666666667 0.0635 0)
(0.0150283333333333 0.0635 0)
(0.01524 0.0635 0)
(0.0154516666666667 0.0635 0)
(0.0156633333333333 0.0635 0)
(0.015875 0.0635 0)
(0.0160866666666667 0.0635 0)
(0.0162983333333333 0.0635 0)
(0.01651 0.0635 0)
(0.0167216666666667 0.0635 0)
(0.0169333333333333 0.0635 0)
(0.017145 0.0635 0)
(0.0173566666666667 0.0635 0)
(0.0175683333333333 0.0635 0)
(0.01778 0.0635 0)
(0.0179916666666667 0.0635 0)
(0.0182033333333333 0.0635 0)
(0.018415 0.0635 0)
(0.0186266666666667 0.0635 0)
(0.0188383333333333 0.0635 0)
(0.01905 0.0635 0)
(0.0192616666666667 0.0635 0)
(0.0194733333333333 0.0635 0)
(0.019685 0.0635 0)
(0.0198966666666667 0.0635 0)
(0.0201083333333333 0.0635 0)
(0.02032 0.0635 0)
(0.0205316666666667 0.0635 0)
(0.0207433333333333 0.0635 0)
(0.020955 0.0635 0)
(0.0211666666666667 0.0635 0)
(0.0213783333333333 0.0635 0)
(0.02159 0.0635 0)
(0.0218016666666667 0.0635 0)
(0.0220133333333333 0.0635 0)
(0.022225 0.0635 0)
(0.0224366666666667 0.0635 0)
(0.0226483333333333 0.0635 0)
(0.02286 0.0635 0)
(0.0230716666666667 0.0635 0)
(0.0232833333333333 0.0635 0)
(0.023495 0.0635 0)
(0.0237066666666667 0.0635 0)
(0.0239183333333333 0.0635 0)
(0.02413 0.0635 0)
(0.0243416666666667 0.0635 0)
(0.0245533333333333 0.0635 0)
(0.024765 0.0635 0)
(0.0249766666666667 0.0635 0)
(0.0251883333333333 0.0635 0)
(0.0254 0.0635 0)
(0.0256116666666667 0.0635 0)
(0.0258233333333333 0.0635 0)
(0.026035 0.0635 0)
(0.0262466666666667 0.0635 0)
(0.0264583333333333 0.0635 0)
(0.02667 0.0635 0)
(0.0268816666666667 0.0635 0)
(0.0270933333333333 0.0635 0)
(0.027305 0.0635 0)
(0.0275166666666667 0.0635 0)
(0.0277283333333333 0.0635 0)
(0.02794 0.0635 0)
(0.0281516666666667 0.0635 0)
(0.0283633333333333 0.0635 0)
(0.028575 0.0635 0)
(0.0287866666666667 0.0635 0)
(0.0289983333333333 0.0635 0)
(0.02921 0.0635 0)
(0.0294216666666667 0.0635 0)
(0.0296333333333333 0.0635 0)
(0.029845 0.0635 0)
(0.0300566666666667 0.0635 0)
(0.0302683333333333 0.0635 0)
(0.03048 0.0635 0)
(0.0306916666666667 0.0635 0)
(0.0309033333333333 0.0635 0)
(0.031115 0.0635 0)
(0.0313266666666667 0.0635 0)
(0.0315383333333333 0.0635 0)
(0.03175 0.0635 0)
(0.0319616666666667 0.0635 0)
(0.0321733333333333 0.0635 0)
(0.032385 0.0635 0)
(0.0325966666666667 0.0635 0)
(0.0328083333333333 0.0635 0)
(0.03302 0.0635 0)
(0.0332316666666667 0.0635 0)
(0.0334433333333333 0.0635 0)
(0.033655 0.0635 0)
(0.0338666666666667 0.0635 0)
(0.0340783333333333 0.0635 0)
(0.03429 0.0635 0)
(0.0345016666666667 0.0635 0)
(0.0347133333333333 0.0635 0)
(0.034925 0.0635 0)
(0.0351366666666667 0.0635 0)
(0.0353483333333333 0.0635 0)
(0.03556 0.0635 0)
(0.0357716666666667 0.0635 0)
(0.0359833333333333 0.0635 0)
(0.036195 0.0635 0)
(0.0364066666666667 0.0635 0)
(0.0366183333333333 0.0635 0)
(0.03683 0.0635 0)
(0.0370416666666667 0.0635 0)
(0.0372533333333333 0.0635 0)
(0.037465 0.0635 0)
(0.0376766666666667 0.0635 0)
(0.0378883333333333 0.0635 0)
(0.0381 0.0635 0)
(0.0383116666666667 0.0635 0)
(0.0385233333333333 0.0635 0)
(0.038735 0.0635 0)
(0.0389466666666667 0.0635 0)
(0.0391583333333333 0.0635 0)
(0.03937 0.0635 0)
(0.0395816666666667 0.0635 0)
(0.0397933333333333 0.0635 0)
(0.040005 0.0635 0)
(0.0402166666666667 0.0635 0)
(0.0404283333333333 0.0635 0)
(0.04064 0.0635 0)
(0.0408516666666667 0.0635 0)
(0.0410633333333333 0.0635 0)
(0.041275 0.0635 0)
(0.0414866666666667 0.0635 0)
(0.0416983333333333 0.0635 0)
(0.04191 0.0635 0)
(0.0421216666666667 0.0635 0)
(0.0423333333333333 0.0635 0)
(0.042545 0.0635 0)
(0.0427566666666667 0.0635 0)
(0.0429683333333333 0.0635 0)
(0.04318 0.0635 0)
(0.0433916666666667 0.0635 0)
(0.0436033333333333 0.0635 0)
(0.043815 0.0635 0)
(0.0440266666666667 0.0635 0)
(0.0442383333333333 0.0635 0)
(0.04445 0.0635 0)
(0.0446616666666667 0.0635 0)
(0.0448733333333333 0.0635 0)
(0.045085 0.0635 0)
(0.0452966666666667 0.0635 0)
(0.0455083333333333 0.0635 0)
(0.04572 0.0635 0)
(0.0459316666666667 0.0635 0)
(0.0461433333333333 0.0635 0)
(0.046355 0.0635 0)
(0.0465666666666667 0.0635 0)
(0.0467783333333333 0.0635 0)
(0.04699 0.0635 0)
(0.0472016666666667 0.0635 0)
(0.0474133333333333 0.0635 0)
(0.047625 0.0635 0)
(0.0478366666666667 0.0635 0)
(0.0480483333333333 0.0635 0)
(0.04826 0.0635 0)
(0.0484716666666667 0.0635 0)
(0.0486833333333333 0.0635 0)
(0.048895 0.0635 0)
(0.0491066666666667 0.0635 0)
(0.0493183333333333 0.0635 0)
(0.04953 0.0635 0)
(0.0497416666666667 0.0635 0)
(0.0499533333333333 0.0635 0)
(0.050165 0.0635 0)
(0.0503766666666667 0.0635 0)
(0.0505883333333333 0.0635 0)
(0.0508 0.0635 0)
(0.0510116666666667 0.0635 0)
(0.0512233333333333 0.0635 0)
(0.051435 0.0635 0)
(0.0516466666666667 0.0635 0)
(0.0518583333333333 0.0635 0)
(0.05207 0.0635 0)
(0.0522816666666667 0.0635 0)
(0.0524933333333333 0.0635 0)
(0.052705 0.0635 0)
(0.0529166666666667 0.0635 0)
(0.0531283333333333 0.0635 0)
(0.05334 0.0635 0)
(0.0535516666666667 0.0635 0)
(0.0537633333333333 0.0635 0)
(0.053975 0.0635 0)
(0.0541866666666667 0.0635 0)
(0.0543983333333333 0.0635 0)
(0.05461 0.0635 0)
(0.0548216666666667 0.0635 0)
(0.0550333333333333 0.0635 0)
(0.055245 0.0635 0)
(0.0554566666666667 0.0635 0)
(0.0556683333333333 0.0635 0)
(0.05588 0.0635 0)
(0.0560916666666667 0.0635 0)
(0.0563033333333333 0.0635 0)
(0.056515 0.0635 0)
(0.0567266666666667 0.0635 0)
(0.0569383333333333 0.0635 0)
(0.05715 0.0635 0)
(0.0573616666666667 0.0635 0)
(0.0575733333333333 0.0635 0)
(0.057785 0.0635 0)
(0.0579966666666667 0.0635 0)
(0.0582083333333333 0.0635 0)
(0.05842 0.0635 0)
(0.0586316666666667 0.0635 0)
(0.0588433333333333 0.0635 0)
(0.059055 0.0635 0)
(0.0592666666666667 0.0635 0)
(0.0594783333333333 0.0635 0)
(0.05969 0.0635 0)
(0.0599016666666667 0.0635 0)
(0.0601133333333333 0.0635 0)
(0.060325 0.0635 0)
(0.0605366666666667 0.0635 0)
(0.0607483333333333 0.0635 0)
(0.06096 0.0635 0)
(0.0611716666666667 0.0635 0)
(0.0613833333333333 0.0635 0)
(0.061595 0.0635 0)
(0.0618066666666667 0.0635 0)
(0.0620183333333333 0.0635 0)
(0.06223 0.0635 0)
(0.0624416666666667 0.0635 0)
(0.0626533333333333 0.0635 0)
(0.062865 0.0635 0)
(0.0630766666666667 0.0635 0)
(0.0632883333333333 0.0635 0)
(0.0635 0.0635 0)
(0 0 0.0635)
(0.000211666666666667 0 0.0635)
(0.000423333333333333 0 0.0635)
(0.000635 0 0.0635)
(0.000846666666666667 0 0.0635)
(0.00105833333333333 0 0.0635)
(0.00127 0 0.0635)
(0.00148166666666667 0 0.0635)
(0.00169333333333333 0 0.0635)
(0.001905 0 0.0635)
(0.00211666666666667 0 0.0635)
(0.00232833333333333 0 0.0635)
(0.00254 0 0.0635)
(0.00275166666666667 0 0.0635)
(0.00296333333333333 0 0.0635)
(0.003175 0 0.0635)
(0.00338666666666667 0 0.0635)
(0.00359833333333333 0 0.0635)
(0.00381 0 0.0635)
(0.00402166666666667 0 0.0635)
(0.00423333333333333 0 0.0635)
(0.004445 0 0.0635)
(0.00465666666666667 0 0.0635)
(0.00486833333333333 0 0.0635)
(0.00508 0 0.0635)
(0.00529166666666667 0 0.0635)
(0.00550333333333333 0 0.0635)
(0.005715 0 0.0635)
(0.00592666666666667 0 0.0635)
(0.00613833333333333 0 0.0635)
(0.00635 0 0.0635)
(0.00656166666666667 0 0.0635)
(0.00677333333333333 0 0.0635)
(0.006985 0 0.0635)
(0.00719666666666667 0 0.0635)
(0.00740833333333333 0 0.0635)
(0.00762 0 0.0635)
(0.00783166666666667 0 0.0635)
(0.00804333333333333 0 0.0635)
(0.008255 0 0.0635)
(0.00846666666666667 0 0.0635)
(0.00867833333333333 0 0.0635)
(0.00889 0 0.0635)
(0.00910166666666667 0 0.0635)
(0.00931333333333333 0 0.0635)
(0.009525 0 0.0635)
(0.00973666666666667 0 0.0635)
(0.00994833333333333 0 0.0635)
(0.01016 0 0.0635)
(0.0103716666666667 0 0.0635)
(0.0105833333333333 0 0.0635)
(0.010795 0 0.0635)
(0.0110066666666667 0 0.0635)
(0.0112183333333333 0 0.0635)
(0.01143 0 0.0635)
(0.0116416666666667 0 0.0635)
(0.0118533333333333 0 0.0635)
(0.012065 0 0.0635)
(0.0122766666666667 0 0.0635)
(0.0124883333333333 0 0.0635)
(0.0127 0 0.0635)
(0.0129116666666667 0 0.0635)
(0.0131233333333333 0 0.0635)
(0.013335 0 0.0635)
(0.0135466666666667 0 0.0635)
(0.0137583333333333 0 0.0635)
(0.01397 0 0.0635)
(0.0141816666666667 0 0.0635)
(0.0143933333333333 0 0.0635)
(0.014605 0 0.0635)
(0.0148166666666667 0 0.0635)
(0.0150283333333333 0 0.0635)
(0.01524 0 0.0635)
(0.0154516666666667 0 0.0635)
(0.0156633333333333 0 0.0635)
(0.015875 0 0.0635)
(0.0160866666666667 0 0.0635)
(0.0162983333333333 0 0.0635)
(0.01651 0 0.0635)
(0.0167216666666667 0 0.0635)
(0.0169333333333333 0 0.0635)
(0.017145 0 0.0635)
(0.0173566666666667 0 0.0635)
(0.0175683333333333 0 0.0635)
(0.01778 0 0.0635)
(0.0179916666666667 0 0.0635)
(0.0182033333333333 0 0.0635)
(0.018415 0 0.0635)
(0.0186266666666667 0 0.0635)
(0.0188383333333333 0 0.0635)
(0.01905 0 0.0635)
(0.0192616666666667 0 0.0635)
(0.0194733333333333 0 0.0635)
(0.019685 0 0.0635)
(0.0198966666666667 0 0.0635)
(0.0201083333333333 0 0.0635)
(0.02032 0 0.0635)
(0.0205316666666667 0 0.0635)
(0.0207433333333333 0 0.0635)
(0.020955 0 0.0635)
(0.0211666666666667 0 0.0635)
(0.0213783333333333 0 0.0635)
(0.02159 0 0.0635)
(0.0218016666666667 0 0.0635)
(0.0220133333333333 0 0.0635)
(0.022225 0 0.0635)
(0.0224366666666667 0 0.0635)
(0.0226483333333333 0 0.0635)
(0.02286 0 0.0635)
(0.0230716666666667 0 0.0635)
(0.0232833333333333 0 0.0635)
(0.023495 0 0.0635)
(0.0237066666666667 0 0.0635)
(0.0239183333333333 0 0.0635)
(0.02413 0 0.0635)
(0.0243416666666667 0 0.0635)
(0.0245533333333333 0 0.0635)
(0.024765 0 0.0635)
(0.0249766666666667 0 0.0635)
(0.0251883333333333 0 0.0635)
(0.0254 0 0.0635)
(0.0256116666666667 0 0.0635)
(0.0258233333333333 0 0.0635)
(0.026035 0 0.0635)
(0.0262466666666667 0 0.0635)
(0.0264583333333333 0 0.0635)
(0.02667 0 0.0635)
(0.0268816666666667 0 0.0635)
(0.0270933333333333 0 0.0635)
(0.027305 0 0.0635)
(0.0275166666666667 0 0.0635)
(0.0277283333333333 0 0.0635)
(0.02794 0 0.0635)
(0.0281516666666667 0 0.0635)
(0.0283633333333333 0 0.0635)
(0.028575 0 0.0635)
(0.0287866666666667 0 0.0635)
(0.0289983333333333 0 0.0635)
(0.02921 0 0.0635)
(0.0294216666666667 0 0.0635)
(0.0296333333333333 0 0.0635)
(0.029845 0 0.0635)
(0.0300566666666667 0 0.0635)
(0.0302683333333333 0 0.0635)
(0.03048 0 0.0635)
(0.0306916666666667 0 0.0635)
(0.0309033333333333 0 0.0635)
(0.031115 0 0.0635)
(0.0313266666666667 0 0.0635)
(0.0315383333333333 0 0.0635)
(0.03175 0 0.0635)
(0.0319616666666667 0 0.0635)
(0.0321733333333333 0 0.0635)
(0.032385 0 0.0635)
(0.0325966666666667 0 0.0635)
(0.0328083333333333 0 0.0635)
(0.03302 0 0.0635)
(0.0332316666666667 0 0.0635)
(0.0334433333333333 0 0.0635)
(0.033655 0 0.0635)
(0.0338666666666667 0 0.0635)
(0.0340783333333333 0 0.0635)
(0.03429 0 0.0635)
(0.0345016666666667 0 0.0635)
(0.0347133333333333 0 0.0635)
(0.034925 0 0.0635)
(0.0351366666666667 0 0.0635)
(0.0353483333333333 0 0.0635)
(0.03556 0 0.0635)
(0.0357716666666667 0 0.0635)
(0.0359833333333333 0 0.0635)
(0.036195 0 0.0635)
(0.0364066666666667 0 0.0635)
(0.0366183333333333 0 0.0635)
(0.03683 0 0.0635)
(0.0370416666666667 0 0.0635)
(0.0372533333333333 0 0.0635)
(0.037465 0 0.0635)
(0.0376766666666667 0 0.0635)
(0.0378883333333333 0 0.0635)
(0.0381 0 0.0635)
(0.0383116666666667 0 0.0635)
(0.0385233333333333 0 0.0635)
(0.038735 0 0.0635)
(0.0389466666666667 0 0.0635)
(0.0391583333333333 0 0.0635)
(0.03937 0 0.0635)
(0.0395816666666667 0 0.0635)
(0.0397933333333333 0 0.0635)
(0.040005 0 0.0635)
(0.0402166666666667 0 0.0635)
(0.0404283333333333 0 0.0635)
(0.04064 0 0.0635)
(0.0408516666666667 0 0.0635)
(0.0410633333333333 0 0.0635)
(0.041275 0 0.0635)
(0.0414866666666667 0 0.0635)
(0.0416983333333333 0 0.0635)
(0.04191 0 0.0635)
(0.0421216666666667 0 0.0635)
(0.0423333333333333 0 0.0635)
(0.042545 0 0.0635)
(0.0427566666666667 0 0.0635)
(0.0429683333333333 0 0.0635)
(0.04318 0 0.0635)
(0.0433916666666667 0 0.0635)
(0.0436033333333333 0 0.0635)
(0.043815 0 0.0635)
(0.0440266666666667 0 0.0635)
(0.0442383333333333 0 0.0635)
(0.04445 0 0.0635)
(0.0446616666666667 0 0.0635)
(0.0448733333333333 0 0.0635)
(0.045085 0 0.0635)
(0.0452966666666667 0 0.0635)
(0.0455083333333333 0 0.0635)
(0.04572 0 0.0635)
(0.0459316666666667 0 0.0635)
(0.0461433333333333 0 0.0635)
(0.046355 0 0.0635)
(0.0465666666666667 0 0.0635)
(0.0467783333333333 0 0.0635)
(0.04699 0 0.0635)
(0.0472016666666667 0 0.0635)
(0.0474133333333333 0 0.0635)
(0.047625 0 0.0635)
(0.0478366666666667 0 0.0635)
(0.0480483333333333 0 0.0635)
(0.04826 0 0.0635)
(0.0484716666666667 0 0.0635)
(0.0486833333333333 0 0.0635)
(0.048895 0 0.0635)
(0.0491066666666667 0 0.0635)
(0.0493183333333333 0 0.0635)
(0.04953 0 0.0635)
(0.0497416666666667 0 0.0635)
(0.0499533333333333 0 0.0635)
(0.050165 0 0.0635)
(0.0503766666666667 0 0.0635)
(0.0505883333333333 0 0.0635)
(0.0508 0 0.0635)
(0.0510116666666667 0 0.0635)
(0.0512233333333333 0 0.0635)
(0.051435 0 0.0635)
(0.0516466666666667 0 0.0635)
(0.0518583333333333 0 0.0635)
(0.05207 0 0.0635)
(0.0522816666666667 0 0.0635)
(0.0524933333333333 0 0.0635)
(0.052705 0 0.0635)
(0.0529166666666667 0 0.0635)
(0.0531283333333333 0 0.0635)
(0.05334 0 0.0635)
(0.0535516666666667 0 0.0635)
(0.0537633333333333 0 0.0635)
(0.053975 0 0.0635)
(0.0541866666666667 0 0.0635)
(0.0543983333333333 0 0.0635)
(0.05461 0 0.0635)
(0.0548216666666667 0 0.0635)
(0.0550333333333333 0 0.0635)
(0.055245 0 0.0635)
(0.0554566666666667 0 0.0635)
(0.0556683333333333 0 0.0635)
(0.05588 0 0.0635)
(0.0560916666666667 0 0.0635)
(0.0563033333333333 0 0.0635)
(0.056515 0 0.0635)
(0.0567266666666667 0 0.0635)
(0.0569383333333333 0 0.0635)
(0.05715 0 0.0635)
(0.0573616666666667 0 0.0635)
(0.0575733333333333 0 0.0635)
(0.057785 0 0.0635)
(0.0579966666666667 0 0.0635)
(0.0582083333333333 0 0.0635)
(0.05842 0 0.0635)
(0.0586316666666667 0 0.0635)
(0.0588433333333333 0 0.0635)
(0.059055 0 0.0635)
(0.0592666666666667 0 0.0635)
(0.0594783333333333 0 0.0635)
(0.05969 0 0.0635)
(0.0599016666666667 0 0.0635)
(0.0601133333333333 0 0.0635)
(0.060325 0 0.0635)
(0.0605366666666667 0 0.0635)
(0.0607483333333333 0 0.0635)
(0.06096 0 0.0635)
(0.0611716666666667 0 0.0635)
(0.0613833333333333 0 0.0635)
(0.061595 0 0.0635)
(0.0618066666666667 0 0.0635)
(0.0620183333333333 0 0.0635)
(0.06223 0 0.0635)
(0.0624416666666667 0 0.0635)
(0.0626533333333333 0 0.0635)
(0.062865 0 0.0635)
(0.0630766666666667 0 0.0635)
(0.0632883333333333 0 0.0635)
(0.0635 0 0.0635)
(0 0.0635 0.0635)
(0.000211666666666667 0.0635 0.0635)
(0.000423333333333333 0.0635 0.0635)
(0.000635 0.0635 0.0635)
(0.000846666666666667 0.0635 0.0635)
(0.00105833333333333 0.0635 0.0635)
(0.00127 0.0635 0.0635)
(0.00148166666666667 0.0635 0.0635)
(0.00169333333333333 0.0635 0.0635)
(0.001905 0.0635 0.0635)
(0.00211666666666667 0.0635 0.0635)
(0.00232833333333333 0.0635 0.0635)
(0.00254 0.0635 0.0635)
(0.00275166666666667 0.0635 0.0635)
(0.00296333333333333 0.0635 0.0635)
(0.003175 0.0635 0.0635)
(0.00338666666666667 0.0635 0.0635)
(0.00359833333333333 0.0635 0.0635)
(0.00381 0.0635 0.0635)
(0.00402166666666667 0.0635 0.0635)
(0.00423333333333333 0.0635 0.0635)
(0.004445 0.0635 0.0635)
(0.00465666666666667 0.0635 0.0635)
(0.00486833333333333 0.0635 0.0635)
(0.00508 0.0635 0.0635)
(0.00529166666666667 0.0635 0.0635)
(0.00550333333333333 0.0635 0.0635)
(0.005715 0.0635 0.0635)
(0.00592666666666667 0.0635 0.0635)
(0.00613833333333333 0.0635 0.0635)
(0.00635 0.0635 0.0635)
(0.00656166666666667 0.0635 0.0635)
(0.00677333333333333 0.0635 0.0635)
(0.006985 0.0635 0.0635)
(0.00719666666666667 0.0635 0.0635)
(0.00740833333333333 0.0635 0.0635)
(0.00762 0.0635 0.0635)
(0.00783166666666667 0.0635 0.0635)
(0.00804333333333333 0.0635 0.0635)
(0.008255 0.0635 0.0635)
(0.00846666666666667 0.0635 0.0635)
(0.00867833333333333 0.0635 0.0635)
(0.00889 0.0635 0.0635)
(0.00910166666666667 0.0635 0.0635)
(0.00931333333333333 0.0635 0.0635)
(0.009525 0.0635 0.0635)
(0.00973666666666667 0.0635 0.0635)
(0.00994833333333333 0.0635 0.0635)
(0.01016 0.0635 0.0635)
(0.0103716666666667 0.0635 0.0635)
(0.0105833333333333 0.0635 0.0635)
(0.010795 0.0635 0.0635)
(0.0110066666666667 0.0635 0.0635)
(0.0112183333333333 0.0635 0.0635)
(0.01143 0.0635 0.0635)
(0.0116416666666667 0.0635 0.0635)
(0.0118533333333333 0.0635 0.0635)
(0.012065 0.0635 0.0635)
(0.0122766666666667 0.0635 0.0635)
(0.0124883333333333 0.0635 0.0635)
(0.0127 0.0635 0.0635)
(0.0129116666666667 0.0635 0.0635)
(0.0131233333333333 0.0635 0.0635)
(0.013335 0.0635 0.0635)
(0.0135466666666667 0.0635 0.0635)
(0.0137583333333333 0.0635 0.0635)
(0.01397 0.0635 0.0635)
(0.0141816666666667 0.0635 0.0635)
(0.0143933333333333 0.0635 0.0635)
(0.014605 0.0635 0.0635)
(0.0148166666666667 0.0635 0.0635)
(0.0150283333333333 0.0635 0.0635)
(0.01524 0.0635 0.0635)
(0.0154516666666667 0.0635 0.0635)
(0.0156633333333333 0.0635 0.0635)
(0.015875 0.0635 0.0635)
(0.0160866666666667 0.0635 0.0635)
(0.0162983333333333 0.0635 0.0635)
(0.01651 0.0635 0.0635)
(0.0167216666666667 0.0635 0.0635)
(0.0169333333333333 0.0635 0.0635)
(0.017145 0.0635 0.0635)
(0.0173566666666667 0.0635 0.0635)
(0.0175683333333333 0.0635 0.0635)
(0.01778 0.0635 0.0635)
(0.0179916666666667 0.0635 0.0635)
(0.0182033333333333 0.0635 0.0635)
(0.018415 0.0635 0.0635)
(0.0186266666666667 0.0635 0.0635)
(0.0188383333333333 0.0635 0.0635)
(0.01905 0.0635 0.0635)
(0.0192616666666667 0.0635 0.0635)
(0.0194733333333333 0.0635 0.0635)
(0.019685 0.0635 0.0635)
(0.0198966666666667 0.0635 0.0635)
(0.0201083333333333 0.0635 0.0635)
(0.02032 0.0635 0.0635)
(0.0205316666666667 0.0635 0.0635)
(0.0207433333333333 0.0635 0.0635)
(0.020955 0.0635 0.0635)
(0.0211666666666667 0.0635 0.0635)
(0.0213783333333333 0.0635 0.0635)
(0.02159 0.0635 0.0635)
(0.0218016666666667 0.0635 0.0635)
(0.0220133333333333 0.0635 0.0635)
(0.022225 0.0635 0.0635)
(0.0224366666666667 0.0635 0.0635)
(0.0226483333333333 0.0635 0.0635)
(0.02286 0.0635 0.0635)
(0.0230716666666667 0.0635 0.0635)
(0.0232833333333333 0.0635 0.0635)
(0.023495 0.0635 0.0635)
(0.0237066666666667 0.0635 0.0635)
(0.0239183333333333 0.0635 0.0635)
(0.02413 0.0635 0.0635)
(0.0243416666666667 0.0635 0.0635)
(0.0245533333333333 0.0635 0.0635)
(0.024765 0.0635 0.0635)
(0.0249766666666667 0.0635 0.0635)
(0.0251883333333333 0.0635 0.0635)
(0.0254 0.0635 0.0635)
(0.0256116666666667 0.0635 0.0635)
(0.0258233333333333 0.0635 0.0635)
(0.026035 0.0635 0.0635)
(0.0262466666666667 0.0635 0.0635)
(0.0264583333333333 0.0635 0.0635)
(0.02667 0.0635 0.0635)
(0.0268816666666667 0.0635 0.0635)
(0.0270933333333333 0.0635 0.0635)
(0.027305 0.0635 0.0635)
(0.0275166666666667 0.0635 0.0635)
(0.0277283333333333 0.0635 0.0635)
(0.02794 0.0635 0.0635)
(0.0281516666666667 0.0635 0.0635)
(0.0283633333333333 0.0635 0.0635)
(0.028575 0.0635 0.0635)
(0.0287866666666667 0.0635 0.0635)
(0.0289983333333333 0.0635 0.0635)
(0.02921 0.0635 0.0635)
(0.0294216666666667 0.0635 0.0635)
(0.0296333333333333 0.0635 0.0635)
(0.029845 0.0635 0.0635)
(0.0300566666666667 0.0635 0.0635)
(0.0302683333333333 0.0635 0.0635)
(0.03048 0.0635 0.0635)
(0.0306916666666667 0.0635 0.0635)
(0.0309033333333333 0.0635 0.0635)
(0.031115 0.0635 0.0635)
(0.0313266666666667 0.0635 0.0635)
(0.0315383333333333 0.0635 0.0635)
(0.03175 0.0635 0.0635)
(0.0319616666666667 0.0635 0.0635)
(0.0321733333333333 0.0635 0.0635)
(0.032385 0.0635 0.0635)
(0.0325966666666667 0.0635 0.0635)
(0.0328083333333333 0.0635 0.0635)
(0.03302 0.0635 0.0635)
(0.0332316666666667 0.0635 0.0635)
(0.0334433333333333 0.0635 0.0635)
(0.033655 0.0635 0.0635)
(0.0338666666666667 0.0635 0.0635)
(0.0340783333333333 0.0635 0.0635)
(0.03429 0.0635 0.0635)
(0.0345016666666667 0.0635 0.0635)
(0.0347133333333333 0.0635 0.0635)
(0.034925 0.0635 0.0635)
(0.0351366666666667 0.0635 0.0635)
(0.0353483333333333 0.0635 0.0635)
(0.03556 0.0635 0.0635)
(0.0357716666666667 0.0635 0.0635)
(0.0359833333333333 0.0635 0.0635)
(0.036195 0.0635 0.0635)
(0.0364066666666667 0.0635 0.0635)
(0.0366183333333333 0.0635 0.0635)
(0.03683 0.0635 0.0635)
(0.0370416666666667 0.0635 0.0635)
(0.0372533333333333 0.0635 0.0635)
(0.037465 0.0635 0.0635)
(0.0376766666666667 0.0635 0.0635)
(0.0378883333333333 0.0635 0.0635)
(0.0381 0.0635 0.0635)
(0.0383116666666667 0.0635 0.0635)
(0.0385233333333333 0.0635 0.0635)
(0.038735 0.0635 0.0635)
(0.0389466666666667 0.0635 0.0635)
(0.0391583333333333 0.0635 0.0635)
(0.03937 0.0635 0.0635)
(0.0395816666666667 0.0635 0.0635)
(0.0397933333333333 0.0635 0.0635)
(0.040005 0.0635 0.0635)
(0.0402166666666667 0.0635 0.0635)
(0.0404283333333333 0.0635 0.0635)
(0.04064 0.0635 0.0635)
(0.0408516666666667 0.0635 0.0635)
(0.0410633333333333 0.0635 0.0635)
(0.041275 0.0635 0.0635)
(0.0414866666666667 0.0635 0.0635)
(0.0416983333333333 0.0635 0.0635)
(0.04191 0.0635 0.0635)
(0.0421216666666667 0.0635 0.0635)
(0.0423333333333333 0.0635 0.0635)
(0.042545 0.0635 0.0635)
(0.0427566666666667 0.0635 0.0635)
(0.0429683333333333 0.0635 0.0635)
(0.04318 0.0635 0.0635)
(0.0433916666666667 0.0635 0.0635)
(0.0436033333333333 0.0635 0.0635)
(0.043815 0.0635 0.0635)
(0.0440266666666667 0.0635 0.0635)
(0.0442383333333333 0.0635 0.0635)
(0.04445 0.0635 0.0635)
(0.0446616666666667 0.0635 0.0635)
(0.0448733333333333 0.0635 0.0635)
(0.045085 0.0635 0.0635)
(0.0452966666666667 0.0635 0.0635)
(0.0455083333333333 0.0635 0.0635)
(0.04572 0.0635 0.0635)
(0.0459316666666667 0.0635 0.0635)
(0.0461433333333333 0.0635 0.0635)
(0.046355 0.0635 0.0635)
(0.0465666666666667 0.0635 0.0635)
(0.0467783333333333 0.0635 0.0635)
(0.04699 0.0635 0.0635)
(0.0472016666666667 0.0635 0.0635)
(0.0474133333333333 0.0635 0.0635)
(0.047625 0.0635 0.0635)
(0.0478366666666667 0.0635 0.0635)
(0.0480483333333333 0.0635 0.0635)
(0.04826 0.0635 0.0635)
(0.0484716666666667 0.0635 0.0635)
(0.0486833333333333 0.0635 0.0635)
(0.048895 0.0635 0.0635)
(0.0491066666666667 0.0635 0.0635)
(0.0493183333333333 0.0635 0.0635)
(0.04953 0.0635 0.0635)
(0.0497416666666667 0.0635 0.0635)
(0.0499533333333333 0.0635 0.0635)
(0.050165 0.0635 0.0635)
(0.0503766666666667 0.0635 0.0635)
(0.0505883333333333 0.0635 0.0635)
(0.0508 0.0635 0.0635)
(0.0510116666666667 0.0635 0.0635)
(0.0512233333333333 0.0635 0.0635)
(0.051435 0.0635 0.0635)
(0.0516466666666667 0.0635 0.0635)
(0.0518583333333333 0.0635 0.0635)
(0.05207 0.0635 0.0635)
(0.0522816666666667 0.0635 0.0635)
(0.0524933333333333 0.0635 0.0635)
(0.052705 0.0635 0.0635)
(0.0529166666666667 0.0635 0.0635)
(0.0531283333333333 0.0635 0.0635)
(0.05334 0.0635 0.0635)
(0.0535516666666667 0.0635 0.0635)
(0.0537633333333333 0.0635 0.0635)
(0.053975 0.0635 0.0635)
(0.0541866666666667 0.0635 0.0635)
(0.0543983333333333 0.0635 0.0635)
(0.05461 0.0635 0.0635)
(0.0548216666666667 0.0635 0.0635)
(0.0550333333333333 0.0635 0.0635)
(0.055245 0.0635 0.0635)
(0.0554566666666667 0.0635 0.0635)
(0.0556683333333333 0.0635 0.0635)
(0.05588 0.0635 0.0635)
(0.0560916666666667 0.0635 0.0635)
(0.0563033333333333 0.0635 0.0635)
(0.056515 0.0635 0.0635)
(0.0567266666666667 0.0635 0.0635)
(0.0569383333333333 0.0635 0.0635)
(0.05715 0.0635 0.0635)
(0.0573616666666667 0.0635 0.0635)
(0.0575733333333333 0.0635 0.0635)
(0.057785 0.0635 0.0635)
(0.0579966666666667 0.0635 0.0635)
(0.0582083333333333 0.0635 0.0635)
(0.05842 0.0635 0.0635)
(0.0586316666666667 0.0635 0.0635)
(0.0588433333333333 0.0635 0.0635)
(0.059055 0.0635 0.0635)
(0.0592666666666667 0.0635 0.0635)
(0.0594783333333333 0.0635 0.0635)
(0.05969 0.0635 0.0635)
(0.0599016666666667 0.0635 0.0635)
(0.0601133333333333 0.0635 0.0635)
(0.060325 0.0635 0.0635)
(0.0605366666666667 0.0635 0.0635)
(0.0607483333333333 0.0635 0.0635)
(0.06096 0.0635 0.0635)
(0.0611716666666667 0.0635 0.0635)
(0.0613833333333333 0.0635 0.0635)
(0.061595 0.0635 0.0635)
(0.0618066666666667 0.0635 0.0635)
(0.0620183333333333 0.0635 0.0635)
(0.06223 0.0635 0.0635)
(0.0624416666666667 0.0635 0.0635)
(0.0626533333333333 0.0635 0.0635)
(0.062865 0.0635 0.0635)
(0.0630766666666667 0.0635 0.0635)
(0.0632883333333333 0.0635 0.0635)
(0.0635 0.0635 0.0635)
)


// ************************************************************************* //
