/*--------------------------------*- C++ -*----------------------------------*\
| =========                 |                                                 |
| \\      /  F ield         | foam-extend: Open Source CFD                    |
|  \\    /   O peration     | Version:     4.0                                |
|   \\  /    A nd           | Web:         http://www.foam-extend.org         |
|    \\/     M anipulation  |                                                 |
\*---------------------------------------------------------------------------*/
FoamFile
{
    version     2.0;
    format      ascii;
    class       faceList;
    location    "constant/polyMesh";
    object      faces;
}
// * * * * * * * * * * * * * * * * * * * * * * * * * * * * * * * * * * * * * //


1236
(
4(16 211 699 504)
4(17 210 698 505)
4(18 209 697 506)
4(19 208 696 507)
4(20 207 695 508)
4(21 206 694 509)
4(22 205 693 510)
4(23 204 692 511)
4(24 203 691 512)
4(25 202 690 513)
4(26 201 689 514)
4(27 200 688 515)
4(28 199 687 516)
4(29 198 686 517)
4(30 197 685 518)
4(31 196 684 519)
4(32 195 683 520)
4(33 194 682 521)
4(34 193 681 522)
4(35 192 680 523)
4(36 191 679 524)
4(37 190 678 525)
4(38 189 677 526)
4(39 188 676 527)
4(40 187 675 528)
4(41 186 674 529)
4(42 185 673 530)
4(43 184 672 531)
4(44 183 671 532)
4(45 182 670 533)
4(46 181 669 534)
4(47 180 668 535)
4(48 179 667 536)
4(49 178 666 537)
4(50 177 665 538)
4(51 176 664 539)
4(52 175 663 540)
4(53 174 662 541)
4(54 173 661 542)
4(55 172 660 543)
4(56 171 659 544)
4(57 170 658 545)
4(58 169 657 546)
4(59 168 656 547)
4(60 167 655 548)
4(61 166 654 549)
4(62 165 653 550)
4(63 164 652 551)
4(64 163 651 552)
4(65 162 650 553)
4(66 161 649 554)
4(67 160 648 555)
4(68 159 647 556)
4(69 158 646 557)
4(70 157 645 558)
4(71 156 644 559)
4(72 155 643 560)
4(73 154 642 561)
4(74 153 641 562)
4(75 152 640 563)
4(76 151 639 564)
4(77 150 638 565)
4(78 149 637 566)
4(79 148 636 567)
4(80 147 635 568)
4(81 146 634 569)
4(82 145 633 570)
4(83 144 632 571)
4(84 143 631 572)
4(85 142 630 573)
4(86 141 629 574)
4(87 140 628 575)
4(88 139 627 576)
4(89 138 626 577)
4(90 137 625 578)
4(91 136 624 579)
4(92 135 623 580)
4(93 134 622 581)
4(94 133 621 582)
4(95 132 620 583)
4(96 131 619 584)
4(97 130 618 585)
4(98 129 617 586)
4(99 128 616 587)
4(100 127 615 588)
4(101 126 614 589)
4(102 125 613 590)
4(103 124 612 591)
4(104 123 611 592)
4(105 122 610 593)
4(106 121 609 594)
4(107 120 608 595)
4(108 119 607 596)
4(109 118 606 597)
4(110 117 605 598)
4(111 116 604 599)
4(112 115 603 600)
4(113 114 602 601)
4(6 7 10 9)
4(212 307 795 700)
4(213 306 794 701)
4(214 305 793 702)
4(215 304 792 703)
4(216 303 791 704)
4(217 302 790 705)
4(218 301 789 706)
4(219 300 788 707)
4(220 299 787 708)
4(221 298 786 709)
4(222 297 785 710)
4(223 296 784 711)
4(224 295 783 712)
4(225 294 782 713)
4(226 293 781 714)
4(227 292 780 715)
4(228 291 779 716)
4(229 290 778 717)
4(230 289 777 718)
4(231 288 776 719)
4(232 287 775 720)
4(233 286 774 721)
4(234 285 773 722)
4(235 284 772 723)
4(236 283 771 724)
4(237 282 770 725)
4(238 281 769 726)
4(239 280 768 727)
4(240 279 767 728)
4(241 278 766 729)
4(242 277 765 730)
4(243 276 764 731)
4(244 275 763 732)
4(245 274 762 733)
4(246 273 761 734)
4(247 272 760 735)
4(248 271 759 736)
4(249 270 758 737)
4(250 269 757 738)
4(251 268 756 739)
4(252 267 755 740)
4(253 266 754 741)
4(254 265 753 742)
4(255 264 752 743)
4(256 263 751 744)
4(257 262 750 745)
4(258 261 749 746)
4(259 260 748 747)
4(2 3 13 12)
4(405 406 796 991)
4(404 407 797 990)
4(403 408 798 989)
4(402 409 799 988)
4(401 410 800 987)
4(400 411 801 986)
4(399 412 802 985)
4(398 413 803 984)
4(397 414 804 983)
4(396 415 805 982)
4(395 416 806 981)
4(394 417 807 980)
4(393 418 808 979)
4(392 419 809 978)
4(391 420 810 977)
4(390 421 811 976)
4(389 422 812 975)
4(388 423 813 974)
4(387 424 814 973)
4(386 425 815 972)
4(385 426 816 971)
4(384 427 817 970)
4(383 428 818 969)
4(382 429 819 968)
4(381 430 820 967)
4(380 431 821 966)
4(379 432 822 965)
4(378 433 823 964)
4(377 434 824 963)
4(376 435 825 962)
4(375 436 826 961)
4(374 437 827 960)
4(373 438 828 959)
4(372 439 829 958)
4(371 440 830 957)
4(370 441 831 956)
4(369 442 832 955)
4(368 443 833 954)
4(367 444 834 953)
4(366 445 835 952)
4(365 446 836 951)
4(364 447 837 950)
4(363 448 838 949)
4(362 449 839 948)
4(361 450 840 947)
4(360 451 841 946)
4(359 452 842 945)
4(358 453 843 944)
4(357 454 844 943)
4(356 455 845 942)
4(355 456 846 941)
4(354 457 847 940)
4(353 458 848 939)
4(352 459 849 938)
4(351 460 850 937)
4(350 461 851 936)
4(349 462 852 935)
4(348 463 853 934)
4(347 464 854 933)
4(346 465 855 932)
4(345 466 856 931)
4(344 467 857 930)
4(343 468 858 929)
4(342 469 859 928)
4(341 470 860 927)
4(340 471 861 926)
4(339 472 862 925)
4(338 473 863 924)
4(337 474 864 923)
4(336 475 865 922)
4(335 476 866 921)
4(334 477 867 920)
4(333 478 868 919)
4(332 479 869 918)
4(331 480 870 917)
4(330 481 871 916)
4(329 482 872 915)
4(328 483 873 914)
4(327 484 874 913)
4(326 485 875 912)
4(325 486 876 911)
4(324 487 877 910)
4(323 488 878 909)
4(322 489 879 908)
4(321 490 880 907)
4(320 491 881 906)
4(319 492 882 905)
4(318 493 883 904)
4(317 494 884 903)
4(316 495 885 902)
4(315 496 886 901)
4(314 497 887 900)
4(313 498 888 899)
4(312 499 889 898)
4(311 500 890 897)
4(310 501 891 896)
4(309 502 892 895)
4(308 503 893 894)
4(1 16 504 8)
4(0 11 699 211)
4(1 0 211 16)
4(8 504 699 11)
4(16 17 505 504)
4(211 699 698 210)
4(16 211 210 17)
4(504 505 698 699)
4(17 18 506 505)
4(210 698 697 209)
4(17 210 209 18)
4(505 506 697 698)
4(18 19 507 506)
4(209 697 696 208)
4(18 209 208 19)
4(506 507 696 697)
4(19 20 508 507)
4(208 696 695 207)
4(19 208 207 20)
4(507 508 695 696)
4(20 21 509 508)
4(207 695 694 206)
4(20 207 206 21)
4(508 509 694 695)
4(21 22 510 509)
4(206 694 693 205)
4(21 206 205 22)
4(509 510 693 694)
4(22 23 511 510)
4(205 693 692 204)
4(22 205 204 23)
4(510 511 692 693)
4(23 24 512 511)
4(204 692 691 203)
4(23 204 203 24)
4(511 512 691 692)
4(24 25 513 512)
4(203 691 690 202)
4(24 203 202 25)
4(512 513 690 691)
4(25 26 514 513)
4(202 690 689 201)
4(25 202 201 26)
4(513 514 689 690)
4(26 27 515 514)
4(201 689 688 200)
4(26 201 200 27)
4(514 515 688 689)
4(27 28 516 515)
4(200 688 687 199)
4(27 200 199 28)
4(515 516 687 688)
4(28 29 517 516)
4(199 687 686 198)
4(28 199 198 29)
4(516 517 686 687)
4(29 30 518 517)
4(198 686 685 197)
4(29 198 197 30)
4(517 518 685 686)
4(30 31 519 518)
4(197 685 684 196)
4(30 197 196 31)
4(518 519 684 685)
4(31 32 520 519)
4(196 684 683 195)
4(31 196 195 32)
4(519 520 683 684)
4(32 33 521 520)
4(195 683 682 194)
4(32 195 194 33)
4(520 521 682 683)
4(33 34 522 521)
4(194 682 681 193)
4(33 194 193 34)
4(521 522 681 682)
4(34 35 523 522)
4(193 681 680 192)
4(34 193 192 35)
4(522 523 680 681)
4(35 36 524 523)
4(192 680 679 191)
4(35 192 191 36)
4(523 524 679 680)
4(36 37 525 524)
4(191 679 678 190)
4(36 191 190 37)
4(524 525 678 679)
4(37 38 526 525)
4(190 678 677 189)
4(37 190 189 38)
4(525 526 677 678)
4(38 39 527 526)
4(189 677 676 188)
4(38 189 188 39)
4(526 527 676 677)
4(39 40 528 527)
4(188 676 675 187)
4(39 188 187 40)
4(527 528 675 676)
4(40 41 529 528)
4(187 675 674 186)
4(40 187 186 41)
4(528 529 674 675)
4(41 42 530 529)
4(186 674 673 185)
4(41 186 185 42)
4(529 530 673 674)
4(42 43 531 530)
4(185 673 672 184)
4(42 185 184 43)
4(530 531 672 673)
4(43 44 532 531)
4(184 672 671 183)
4(43 184 183 44)
4(531 532 671 672)
4(44 45 533 532)
4(183 671 670 182)
4(44 183 182 45)
4(532 533 670 671)
4(45 46 534 533)
4(182 670 669 181)
4(45 182 181 46)
4(533 534 669 670)
4(46 47 535 534)
4(181 669 668 180)
4(46 181 180 47)
4(534 535 668 669)
4(47 48 536 535)
4(180 668 667 179)
4(47 180 179 48)
4(535 536 667 668)
4(48 49 537 536)
4(179 667 666 178)
4(48 179 178 49)
4(536 537 666 667)
4(49 50 538 537)
4(178 666 665 177)
4(49 178 177 50)
4(537 538 665 666)
4(50 51 539 538)
4(177 665 664 176)
4(50 177 176 51)
4(538 539 664 665)
4(51 52 540 539)
4(176 664 663 175)
4(51 176 175 52)
4(539 540 663 664)
4(52 53 541 540)
4(175 663 662 174)
4(52 175 174 53)
4(540 541 662 663)
4(53 54 542 541)
4(174 662 661 173)
4(53 174 173 54)
4(541 542 661 662)
4(54 55 543 542)
4(173 661 660 172)
4(54 173 172 55)
4(542 543 660 661)
4(55 56 544 543)
4(172 660 659 171)
4(55 172 171 56)
4(543 544 659 660)
4(56 57 545 544)
4(171 659 658 170)
4(56 171 170 57)
4(544 545 658 659)
4(57 58 546 545)
4(170 658 657 169)
4(57 170 169 58)
4(545 546 657 658)
4(58 59 547 546)
4(169 657 656 168)
4(58 169 168 59)
4(546 547 656 657)
4(59 60 548 547)
4(168 656 655 167)
4(59 168 167 60)
4(547 548 655 656)
4(60 61 549 548)
4(167 655 654 166)
4(60 167 166 61)
4(548 549 654 655)
4(61 62 550 549)
4(166 654 653 165)
4(61 166 165 62)
4(549 550 653 654)
4(62 63 551 550)
4(165 653 652 164)
4(62 165 164 63)
4(550 551 652 653)
4(63 64 552 551)
4(164 652 651 163)
4(63 164 163 64)
4(551 552 651 652)
4(64 65 553 552)
4(163 651 650 162)
4(64 163 162 65)
4(552 553 650 651)
4(65 66 554 553)
4(162 650 649 161)
4(65 162 161 66)
4(553 554 649 650)
4(66 67 555 554)
4(161 649 648 160)
4(66 161 160 67)
4(554 555 648 649)
4(67 68 556 555)
4(160 648 647 159)
4(67 160 159 68)
4(555 556 647 648)
4(68 69 557 556)
4(159 647 646 158)
4(68 159 158 69)
4(556 557 646 647)
4(69 70 558 557)
4(158 646 645 157)
4(69 158 157 70)
4(557 558 645 646)
4(70 71 559 558)
4(157 645 644 156)
4(70 157 156 71)
4(558 559 644 645)
4(71 72 560 559)
4(156 644 643 155)
4(71 156 155 72)
4(559 560 643 644)
4(72 73 561 560)
4(155 643 642 154)
4(72 155 154 73)
4(560 561 642 643)
4(73 74 562 561)
4(154 642 641 153)
4(73 154 153 74)
4(561 562 641 642)
4(74 75 563 562)
4(153 641 640 152)
4(74 153 152 75)
4(562 563 640 641)
4(75 76 564 563)
4(152 640 639 151)
4(75 152 151 76)
4(563 564 639 640)
4(76 77 565 564)
4(151 639 638 150)
4(76 151 150 77)
4(564 565 638 639)
4(77 78 566 565)
4(150 638 637 149)
4(77 150 149 78)
4(565 566 637 638)
4(78 79 567 566)
4(149 637 636 148)
4(78 149 148 79)
4(566 567 636 637)
4(79 80 568 567)
4(148 636 635 147)
4(79 148 147 80)
4(567 568 635 636)
4(80 81 569 568)
4(147 635 634 146)
4(80 147 146 81)
4(568 569 634 635)
4(81 82 570 569)
4(146 634 633 145)
4(81 146 145 82)
4(569 570 633 634)
4(82 83 571 570)
4(145 633 632 144)
4(82 145 144 83)
4(570 571 632 633)
4(83 84 572 571)
4(144 632 631 143)
4(83 144 143 84)
4(571 572 631 632)
4(84 85 573 572)
4(143 631 630 142)
4(84 143 142 85)
4(572 573 630 631)
4(85 86 574 573)
4(142 630 629 141)
4(85 142 141 86)
4(573 574 629 630)
4(86 87 575 574)
4(141 629 628 140)
4(86 141 140 87)
4(574 575 628 629)
4(87 88 576 575)
4(140 628 627 139)
4(87 140 139 88)
4(575 576 627 628)
4(88 89 577 576)
4(139 627 626 138)
4(88 139 138 89)
4(576 577 626 627)
4(89 90 578 577)
4(138 626 625 137)
4(89 138 137 90)
4(577 578 625 626)
4(90 91 579 578)
4(137 625 624 136)
4(90 137 136 91)
4(578 579 624 625)
4(91 92 580 579)
4(136 624 623 135)
4(91 136 135 92)
4(579 580 623 624)
4(92 93 581 580)
4(135 623 622 134)
4(92 135 134 93)
4(580 581 622 623)
4(93 94 582 581)
4(134 622 621 133)
4(93 134 133 94)
4(581 582 621 622)
4(94 95 583 582)
4(133 621 620 132)
4(94 133 132 95)
4(582 583 620 621)
4(95 96 584 583)
4(132 620 619 131)
4(95 132 131 96)
4(583 584 619 620)
4(96 97 585 584)
4(131 619 618 130)
4(96 131 130 97)
4(584 585 618 619)
4(97 98 586 585)
4(130 618 617 129)
4(97 130 129 98)
4(585 586 617 618)
4(98 99 587 586)
4(129 617 616 128)
4(98 129 128 99)
4(586 587 616 617)
4(99 100 588 587)
4(128 616 615 127)
4(99 128 127 100)
4(587 588 615 616)
4(100 101 589 588)
4(127 615 614 126)
4(100 127 126 101)
4(588 589 614 615)
4(101 102 590 589)
4(126 614 613 125)
4(101 126 125 102)
4(589 590 613 614)
4(102 103 591 590)
4(125 613 612 124)
4(102 125 124 103)
4(590 591 612 613)
4(103 104 592 591)
4(124 612 611 123)
4(103 124 123 104)
4(591 592 611 612)
4(104 105 593 592)
4(123 611 610 122)
4(104 123 122 105)
4(592 593 610 611)
4(105 106 594 593)
4(122 610 609 121)
4(105 122 121 106)
4(593 594 609 610)
4(106 107 595 594)
4(121 609 608 120)
4(106 121 120 107)
4(594 595 608 609)
4(107 108 596 595)
4(120 608 607 119)
4(107 120 119 108)
4(595 596 607 608)
4(108 109 597 596)
4(119 607 606 118)
4(108 119 118 109)
4(596 597 606 607)
4(109 110 598 597)
4(118 606 605 117)
4(109 118 117 110)
4(597 598 605 606)
4(110 111 599 598)
4(117 605 604 116)
4(110 117 116 111)
4(598 599 604 605)
4(111 112 600 599)
4(116 604 603 115)
4(111 116 115 112)
4(599 600 603 604)
4(112 113 601 600)
4(115 603 602 114)
4(112 115 114 113)
4(600 601 602 603)
4(113 6 9 601)
4(114 602 10 7)
4(113 114 7 6)
4(601 9 10 602)
4(6 212 700 9)
4(7 10 795 307)
4(6 7 307 212)
4(9 700 795 10)
4(212 213 701 700)
4(307 795 794 306)
4(212 307 306 213)
4(700 701 794 795)
4(213 214 702 701)
4(306 794 793 305)
4(213 306 305 214)
4(701 702 793 794)
4(214 215 703 702)
4(305 793 792 304)
4(214 305 304 215)
4(702 703 792 793)
4(215 216 704 703)
4(304 792 791 303)
4(215 304 303 216)
4(703 704 791 792)
4(216 217 705 704)
4(303 791 790 302)
4(216 303 302 217)
4(704 705 790 791)
4(217 218 706 705)
4(302 790 789 301)
4(217 302 301 218)
4(705 706 789 790)
4(218 219 707 706)
4(301 789 788 300)
4(218 301 300 219)
4(706 707 788 789)
4(219 220 708 707)
4(300 788 787 299)
4(219 300 299 220)
4(707 708 787 788)
4(220 221 709 708)
4(299 787 786 298)
4(220 299 298 221)
4(708 709 786 787)
4(221 222 710 709)
4(298 786 785 297)
4(221 298 297 222)
4(709 710 785 786)
4(222 223 711 710)
4(297 785 784 296)
4(222 297 296 223)
4(710 711 784 785)
4(223 224 712 711)
4(296 784 783 295)
4(223 296 295 224)
4(711 712 783 784)
4(224 225 713 712)
4(295 783 782 294)
4(224 295 294 225)
4(712 713 782 783)
4(225 226 714 713)
4(294 782 781 293)
4(225 294 293 226)
4(713 714 781 782)
4(226 227 715 714)
4(293 781 780 292)
4(226 293 292 227)
4(714 715 780 781)
4(227 228 716 715)
4(292 780 779 291)
4(227 292 291 228)
4(715 716 779 780)
4(228 229 717 716)
4(291 779 778 290)
4(228 291 290 229)
4(716 717 778 779)
4(229 230 718 717)
4(290 778 777 289)
4(229 290 289 230)
4(717 718 777 778)
4(230 231 719 718)
4(289 777 776 288)
4(230 289 288 231)
4(718 719 776 777)
4(231 232 720 719)
4(288 776 775 287)
4(231 288 287 232)
4(719 720 775 776)
4(232 233 721 720)
4(287 775 774 286)
4(232 287 286 233)
4(720 721 774 775)
4(233 234 722 721)
4(286 774 773 285)
4(233 286 285 234)
4(721 722 773 774)
4(234 235 723 722)
4(285 773 772 284)
4(234 285 284 235)
4(722 723 772 773)
4(235 236 724 723)
4(284 772 771 283)
4(235 284 283 236)
4(723 724 771 772)
4(236 237 725 724)
4(283 771 770 282)
4(236 283 282 237)
4(724 725 770 771)
4(237 238 726 725)
4(282 770 769 281)
4(237 282 281 238)
4(725 726 769 770)
4(238 239 727 726)
4(281 769 768 280)
4(238 281 280 239)
4(726 727 768 769)
4(239 240 728 727)
4(280 768 767 279)
4(239 280 279 240)
4(727 728 767 768)
4(240 241 729 728)
4(279 767 766 278)
4(240 279 278 241)
4(728 729 766 767)
4(241 242 730 729)
4(278 766 765 277)
4(241 278 277 242)
4(729 730 765 766)
4(242 243 731 730)
4(277 765 764 276)
4(242 277 276 243)
4(730 731 764 765)
4(243 244 732 731)
4(276 764 763 275)
4(243 276 275 244)
4(731 732 763 764)
4(244 245 733 732)
4(275 763 762 274)
4(244 275 274 245)
4(732 733 762 763)
4(245 246 734 733)
4(274 762 761 273)
4(245 274 273 246)
4(733 734 761 762)
4(246 247 735 734)
4(273 761 760 272)
4(246 273 272 247)
4(734 735 760 761)
4(247 248 736 735)
4(272 760 759 271)
4(247 272 271 248)
4(735 736 759 760)
4(248 249 737 736)
4(271 759 758 270)
4(248 271 270 249)
4(736 737 758 759)
4(249 250 738 737)
4(270 758 757 269)
4(249 270 269 250)
4(737 738 757 758)
4(250 251 739 738)
4(269 757 756 268)
4(250 269 268 251)
4(738 739 756 757)
4(251 252 740 739)
4(268 756 755 267)
4(251 268 267 252)
4(739 740 755 756)
4(252 253 741 740)
4(267 755 754 266)
4(252 267 266 253)
4(740 741 754 755)
4(253 254 742 741)
4(266 754 753 265)
4(253 266 265 254)
4(741 742 753 754)
4(254 255 743 742)
4(265 753 752 264)
4(254 265 264 255)
4(742 743 752 753)
4(255 256 744 743)
4(264 752 751 263)
4(255 264 263 256)
4(743 744 751 752)
4(256 257 745 744)
4(263 751 750 262)
4(256 263 262 257)
4(744 745 750 751)
4(257 258 746 745)
4(262 750 749 261)
4(257 262 261 258)
4(745 746 749 750)
4(258 259 747 746)
4(261 749 748 260)
4(258 261 260 259)
4(746 747 748 749)
4(259 2 12 747)
4(260 748 13 3)
4(259 260 3 2)
4(747 12 13 748)
4(405 991 15 4)
4(406 5 14 796)
4(405 4 5 406)
4(991 796 14 15)
4(404 990 991 405)
4(407 406 796 797)
4(404 405 406 407)
4(990 797 796 991)
4(403 989 990 404)
4(408 407 797 798)
4(403 404 407 408)
4(989 798 797 990)
4(402 988 989 403)
4(409 408 798 799)
4(402 403 408 409)
4(988 799 798 989)
4(401 987 988 402)
4(410 409 799 800)
4(401 402 409 410)
4(987 800 799 988)
4(400 986 987 401)
4(411 410 800 801)
4(400 401 410 411)
4(986 801 800 987)
4(399 985 986 400)
4(412 411 801 802)
4(399 400 411 412)
4(985 802 801 986)
4(398 984 985 399)
4(413 412 802 803)
4(398 399 412 413)
4(984 803 802 985)
4(397 983 984 398)
4(414 413 803 804)
4(397 398 413 414)
4(983 804 803 984)
4(396 982 983 397)
4(415 414 804 805)
4(396 397 414 415)
4(982 805 804 983)
4(395 981 982 396)
4(416 415 805 806)
4(395 396 415 416)
4(981 806 805 982)
4(394 980 981 395)
4(417 416 806 807)
4(394 395 416 417)
4(980 807 806 981)
4(393 979 980 394)
4(418 417 807 808)
4(393 394 417 418)
4(979 808 807 980)
4(392 978 979 393)
4(419 418 808 809)
4(392 393 418 419)
4(978 809 808 979)
4(391 977 978 392)
4(420 419 809 810)
4(391 392 419 420)
4(977 810 809 978)
4(390 976 977 391)
4(421 420 810 811)
4(390 391 420 421)
4(976 811 810 977)
4(389 975 976 390)
4(422 421 811 812)
4(389 390 421 422)
4(975 812 811 976)
4(388 974 975 389)
4(423 422 812 813)
4(388 389 422 423)
4(974 813 812 975)
4(387 973 974 388)
4(424 423 813 814)
4(387 388 423 424)
4(973 814 813 974)
4(386 972 973 387)
4(425 424 814 815)
4(386 387 424 425)
4(972 815 814 973)
4(385 971 972 386)
4(426 425 815 816)
4(385 386 425 426)
4(971 816 815 972)
4(384 970 971 385)
4(427 426 816 817)
4(384 385 426 427)
4(970 817 816 971)
4(383 969 970 384)
4(428 427 817 818)
4(383 384 427 428)
4(969 818 817 970)
4(382 968 969 383)
4(429 428 818 819)
4(382 383 428 429)
4(968 819 818 969)
4(381 967 968 382)
4(430 429 819 820)
4(381 382 429 430)
4(967 820 819 968)
4(380 966 967 381)
4(431 430 820 821)
4(380 381 430 431)
4(966 821 820 967)
4(379 965 966 380)
4(432 431 821 822)
4(379 380 431 432)
4(965 822 821 966)
4(378 964 965 379)
4(433 432 822 823)
4(378 379 432 433)
4(964 823 822 965)
4(377 963 964 378)
4(434 433 823 824)
4(377 378 433 434)
4(963 824 823 964)
4(376 962 963 377)
4(435 434 824 825)
4(376 377 434 435)
4(962 825 824 963)
4(375 961 962 376)
4(436 435 825 826)
4(375 376 435 436)
4(961 826 825 962)
4(374 960 961 375)
4(437 436 826 827)
4(374 375 436 437)
4(960 827 826 961)
4(373 959 960 374)
4(438 437 827 828)
4(373 374 437 438)
4(959 828 827 960)
4(372 958 959 373)
4(439 438 828 829)
4(372 373 438 439)
4(958 829 828 959)
4(371 957 958 372)
4(440 439 829 830)
4(371 372 439 440)
4(957 830 829 958)
4(370 956 957 371)
4(441 440 830 831)
4(370 371 440 441)
4(956 831 830 957)
4(369 955 956 370)
4(442 441 831 832)
4(369 370 441 442)
4(955 832 831 956)
4(368 954 955 369)
4(443 442 832 833)
4(368 369 442 443)
4(954 833 832 955)
4(367 953 954 368)
4(444 443 833 834)
4(367 368 443 444)
4(953 834 833 954)
4(366 952 953 367)
4(445 444 834 835)
4(366 367 444 445)
4(952 835 834 953)
4(365 951 952 366)
4(446 445 835 836)
4(365 366 445 446)
4(951 836 835 952)
4(364 950 951 365)
4(447 446 836 837)
4(364 365 446 447)
4(950 837 836 951)
4(363 949 950 364)
4(448 447 837 838)
4(363 364 447 448)
4(949 838 837 950)
4(362 948 949 363)
4(449 448 838 839)
4(362 363 448 449)
4(948 839 838 949)
4(361 947 948 362)
4(450 449 839 840)
4(361 362 449 450)
4(947 840 839 948)
4(360 946 947 361)
4(451 450 840 841)
4(360 361 450 451)
4(946 841 840 947)
4(359 945 946 360)
4(452 451 841 842)
4(359 360 451 452)
4(945 842 841 946)
4(358 944 945 359)
4(453 452 842 843)
4(358 359 452 453)
4(944 843 842 945)
4(357 943 944 358)
4(454 453 843 844)
4(357 358 453 454)
4(943 844 843 944)
4(356 942 943 357)
4(455 454 844 845)
4(356 357 454 455)
4(942 845 844 943)
4(355 941 942 356)
4(456 455 845 846)
4(355 356 455 456)
4(941 846 845 942)
4(354 940 941 355)
4(457 456 846 847)
4(354 355 456 457)
4(940 847 846 941)
4(353 939 940 354)
4(458 457 847 848)
4(353 354 457 458)
4(939 848 847 940)
4(352 938 939 353)
4(459 458 848 849)
4(352 353 458 459)
4(938 849 848 939)
4(351 937 938 352)
4(460 459 849 850)
4(351 352 459 460)
4(937 850 849 938)
4(350 936 937 351)
4(461 460 850 851)
4(350 351 460 461)
4(936 851 850 937)
4(349 935 936 350)
4(462 461 851 852)
4(349 350 461 462)
4(935 852 851 936)
4(348 934 935 349)
4(463 462 852 853)
4(348 349 462 463)
4(934 853 852 935)
4(347 933 934 348)
4(464 463 853 854)
4(347 348 463 464)
4(933 854 853 934)
4(346 932 933 347)
4(465 464 854 855)
4(346 347 464 465)
4(932 855 854 933)
4(345 931 932 346)
4(466 465 855 856)
4(345 346 465 466)
4(931 856 855 932)
4(344 930 931 345)
4(467 466 856 857)
4(344 345 466 467)
4(930 857 856 931)
4(343 929 930 344)
4(468 467 857 858)
4(343 344 467 468)
4(929 858 857 930)
4(342 928 929 343)
4(469 468 858 859)
4(342 343 468 469)
4(928 859 858 929)
4(341 927 928 342)
4(470 469 859 860)
4(341 342 469 470)
4(927 860 859 928)
4(340 926 927 341)
4(471 470 860 861)
4(340 341 470 471)
4(926 861 860 927)
4(339 925 926 340)
4(472 471 861 862)
4(339 340 471 472)
4(925 862 861 926)
4(338 924 925 339)
4(473 472 862 863)
4(338 339 472 473)
4(924 863 862 925)
4(337 923 924 338)
4(474 473 863 864)
4(337 338 473 474)
4(923 864 863 924)
4(336 922 923 337)
4(475 474 864 865)
4(336 337 474 475)
4(922 865 864 923)
4(335 921 922 336)
4(476 475 865 866)
4(335 336 475 476)
4(921 866 865 922)
4(334 920 921 335)
4(477 476 866 867)
4(334 335 476 477)
4(920 867 866 921)
4(333 919 920 334)
4(478 477 867 868)
4(333 334 477 478)
4(919 868 867 920)
4(332 918 919 333)
4(479 478 868 869)
4(332 333 478 479)
4(918 869 868 919)
4(331 917 918 332)
4(480 479 869 870)
4(331 332 479 480)
4(917 870 869 918)
4(330 916 917 331)
4(481 480 870 871)
4(330 331 480 481)
4(916 871 870 917)
4(329 915 916 330)
4(482 481 871 872)
4(329 330 481 482)
4(915 872 871 916)
4(328 914 915 329)
4(483 482 872 873)
4(328 329 482 483)
4(914 873 872 915)
4(327 913 914 328)
4(484 483 873 874)
4(327 328 483 484)
4(913 874 873 914)
4(326 912 913 327)
4(485 484 874 875)
4(326 327 484 485)
4(912 875 874 913)
4(325 911 912 326)
4(486 485 875 876)
4(325 326 485 486)
4(911 876 875 912)
4(324 910 911 325)
4(487 486 876 877)
4(324 325 486 487)
4(910 877 876 911)
4(323 909 910 324)
4(488 487 877 878)
4(323 324 487 488)
4(909 878 877 910)
4(322 908 909 323)
4(489 488 878 879)
4(322 323 488 489)
4(908 879 878 909)
4(321 907 908 322)
4(490 489 879 880)
4(321 322 489 490)
4(907 880 879 908)
4(320 906 907 321)
4(491 490 880 881)
4(320 321 490 491)
4(906 881 880 907)
4(319 905 906 320)
4(492 491 881 882)
4(319 320 491 492)
4(905 882 881 906)
4(318 904 905 319)
4(493 492 882 883)
4(318 319 492 493)
4(904 883 882 905)
4(317 903 904 318)
4(494 493 883 884)
4(317 318 493 494)
4(903 884 883 904)
4(316 902 903 317)
4(495 494 884 885)
4(316 317 494 495)
4(902 885 884 903)
4(315 901 902 316)
4(496 495 885 886)
4(315 316 495 496)
4(901 886 885 902)
4(314 900 901 315)
4(497 496 886 887)
4(314 315 496 497)
4(900 887 886 901)
4(313 899 900 314)
4(498 497 887 888)
4(313 314 497 498)
4(899 888 887 900)
4(312 898 899 313)
4(499 498 888 889)
4(312 313 498 499)
4(898 889 888 899)
4(311 897 898 312)
4(500 499 889 890)
4(311 312 499 500)
4(897 890 889 898)
4(310 896 897 311)
4(501 500 890 891)
4(310 311 500 501)
4(896 891 890 897)
4(309 895 896 310)
4(502 501 891 892)
4(309 310 501 502)
4(895 892 891 896)
4(308 894 895 309)
4(503 502 892 893)
4(308 309 502 503)
4(894 893 892 895)
4(3 13 894 308)
4(2 503 893 12)
4(3 308 503 2)
4(13 12 893 894)
4(1 8 11 0)
4(4 15 14 5)
)


// ************************************************************************* //
