/*--------------------------------*- C++ -*----------------------------------*\
| =========                 |                                                 |
| \\      /  F ield         | foam-extend: Open Source CFD                    |
|  \\    /   O peration     | Version:     4.0                                |
|   \\  /    A nd           | Web:         http://www.foam-extend.org         |
|    \\/     M anipulation  |                                                 |
\*---------------------------------------------------------------------------*/
FoamFile
{
    version     2.0;
    format      ascii;
    class       vectorField;
    location    "constant/polyMesh";
    object      points;
}
// * * * * * * * * * * * * * * * * * * * * * * * * * * * * * * * * * * * * * //


992
(
(5e-05 0 0)
(5e-05 0.0314 0)
(0.00175 0.0314 0)
(0.00175 0 0)
(0.00205 0 0)
(0.00205 0.0314 0)
(0.00035 0.0314 0)
(0.00035 0 0)
(5e-05 0.0314 -0.01)
(0.00035 0.0314 -0.01)
(0.00035 0 -0.01)
(5e-05 0 -0.01)
(0.00175 0.0314 -0.01)
(0.00175 0 -0.01)
(0.00205 0.0314 -0.01)
(0.00205 0 -0.01)
(5.303030303e-05 0.0314 0)
(5.606060606e-05 0.0314 0)
(5.909090909e-05 0.0314 0)
(6.212121212e-05 0.0314 0)
(6.515151515e-05 0.0314 0)
(6.818181818e-05 0.0314 0)
(7.121212121e-05 0.0314 0)
(7.424242424e-05 0.0314 0)
(7.727272727e-05 0.0314 0)
(8.03030303e-05 0.0314 0)
(8.333333333e-05 0.0314 0)
(8.636363636e-05 0.0314 0)
(8.939393939e-05 0.0314 0)
(9.242424242e-05 0.0314 0)
(9.545454545e-05 0.0314 0)
(9.848484848e-05 0.0314 0)
(0.0001015151515 0.0314 0)
(0.0001045454545 0.0314 0)
(0.0001075757576 0.0314 0)
(0.0001106060606 0.0314 0)
(0.0001136363636 0.0314 0)
(0.0001166666667 0.0314 0)
(0.0001196969697 0.0314 0)
(0.0001227272727 0.0314 0)
(0.0001257575758 0.0314 0)
(0.0001287878788 0.0314 0)
(0.0001318181818 0.0314 0)
(0.0001348484848 0.0314 0)
(0.0001378787879 0.0314 0)
(0.0001409090909 0.0314 0)
(0.0001439393939 0.0314 0)
(0.000146969697 0.0314 0)
(0.00015 0.0314 0)
(0.000153030303 0.0314 0)
(0.0001560606061 0.0314 0)
(0.0001590909091 0.0314 0)
(0.0001621212121 0.0314 0)
(0.0001651515152 0.0314 0)
(0.0001681818182 0.0314 0)
(0.0001712121212 0.0314 0)
(0.0001742424242 0.0314 0)
(0.0001772727273 0.0314 0)
(0.0001803030303 0.0314 0)
(0.0001833333333 0.0314 0)
(0.0001863636364 0.0314 0)
(0.0001893939394 0.0314 0)
(0.0001924242424 0.0314 0)
(0.0001954545455 0.0314 0)
(0.0001984848485 0.0314 0)
(0.0002015151515 0.0314 0)
(0.0002045454545 0.0314 0)
(0.0002075757576 0.0314 0)
(0.0002106060606 0.0314 0)
(0.0002136363636 0.0314 0)
(0.0002166666667 0.0314 0)
(0.0002196969697 0.0314 0)
(0.0002227272727 0.0314 0)
(0.0002257575758 0.0314 0)
(0.0002287878788 0.0314 0)
(0.0002318181818 0.0314 0)
(0.0002348484848 0.0314 0)
(0.0002378787879 0.0314 0)
(0.0002409090909 0.0314 0)
(0.0002439393939 0.0314 0)
(0.000246969697 0.0314 0)
(0.00025 0.0314 0)
(0.000253030303 0.0314 0)
(0.0002560606061 0.0314 0)
(0.0002590909091 0.0314 0)
(0.0002621212121 0.0314 0)
(0.0002651515152 0.0314 0)
(0.0002681818182 0.0314 0)
(0.0002712121212 0.0314 0)
(0.0002742424242 0.0314 0)
(0.0002772727273 0.0314 0)
(0.0002803030303 0.0314 0)
(0.0002833333333 0.0314 0)
(0.0002863636364 0.0314 0)
(0.0002893939394 0.0314 0)
(0.0002924242424 0.0314 0)
(0.0002954545455 0.0314 0)
(0.0002984848485 0.0314 0)
(0.0003015151515 0.0314 0)
(0.0003045454545 0.0314 0)
(0.0003075757576 0.0314 0)
(0.0003106060606 0.0314 0)
(0.0003136363636 0.0314 0)
(0.0003166666667 0.0314 0)
(0.0003196969697 0.0314 0)
(0.0003227272727 0.0314 0)
(0.0003257575758 0.0314 0)
(0.0003287878788 0.0314 0)
(0.0003318181818 0.0314 0)
(0.0003348484848 0.0314 0)
(0.0003378787879 0.0314 0)
(0.0003409090909 0.0314 0)
(0.0003439393939 0.0314 0)
(0.000346969697 0.0314 0)
(0.000346969697 0 0)
(0.0003439393939 0 0)
(0.0003409090909 0 0)
(0.0003378787879 0 0)
(0.0003348484848 0 0)
(0.0003318181818 0 0)
(0.0003287878788 0 0)
(0.0003257575758 0 0)
(0.0003227272727 0 0)
(0.0003196969697 0 0)
(0.0003166666667 0 0)
(0.0003136363636 0 0)
(0.0003106060606 0 0)
(0.0003075757576 0 0)
(0.0003045454545 0 0)
(0.0003015151515 0 0)
(0.0002984848485 0 0)
(0.0002954545455 0 0)
(0.0002924242424 0 0)
(0.0002893939394 0 0)
(0.0002863636364 0 0)
(0.0002833333333 0 0)
(0.0002803030303 0 0)
(0.0002772727273 0 0)
(0.0002742424242 0 0)
(0.0002712121212 0 0)
(0.0002681818182 0 0)
(0.0002651515152 0 0)
(0.0002621212121 0 0)
(0.0002590909091 0 0)
(0.0002560606061 0 0)
(0.000253030303 0 0)
(0.00025 0 0)
(0.000246969697 0 0)
(0.0002439393939 0 0)
(0.0002409090909 0 0)
(0.0002378787879 0 0)
(0.0002348484848 0 0)
(0.0002318181818 0 0)
(0.0002287878788 0 0)
(0.0002257575758 0 0)
(0.0002227272727 0 0)
(0.0002196969697 0 0)
(0.0002166666667 0 0)
(0.0002136363636 0 0)
(0.0002106060606 0 0)
(0.0002075757576 0 0)
(0.0002045454545 0 0)
(0.0002015151515 0 0)
(0.0001984848485 0 0)
(0.0001954545455 0 0)
(0.0001924242424 0 0)
(0.0001893939394 0 0)
(0.0001863636364 0 0)
(0.0001833333333 0 0)
(0.0001803030303 0 0)
(0.0001772727273 0 0)
(0.0001742424242 0 0)
(0.0001712121212 0 0)
(0.0001681818182 0 0)
(0.0001651515152 0 0)
(0.0001621212121 0 0)
(0.0001590909091 0 0)
(0.0001560606061 0 0)
(0.000153030303 0 0)
(0.00015 0 0)
(0.000146969697 0 0)
(0.0001439393939 0 0)
(0.0001409090909 0 0)
(0.0001378787879 0 0)
(0.0001348484848 0 0)
(0.0001318181818 0 0)
(0.0001287878788 0 0)
(0.0001257575758 0 0)
(0.0001227272727 0 0)
(0.0001196969697 0 0)
(0.0001166666667 0 0)
(0.0001136363636 0 0)
(0.0001106060606 0 0)
(0.0001075757576 0 0)
(0.0001045454545 0 0)
(0.0001015151515 0 0)
(9.848484848e-05 0 0)
(9.545454545e-05 0 0)
(9.242424242e-05 0 0)
(8.939393939e-05 0 0)
(8.636363636e-05 0 0)
(8.333333333e-05 0 0)
(8.03030303e-05 0 0)
(7.727272727e-05 0 0)
(7.424242424e-05 0 0)
(7.121212121e-05 0 0)
(6.818181818e-05 0 0)
(6.515151515e-05 0 0)
(6.212121212e-05 0 0)
(5.909090909e-05 0 0)
(5.606060606e-05 0 0)
(5.303030303e-05 0 0)
(0.0003785714286 0.0314 0)
(0.0004071428571 0.0314 0)
(0.0004357142857 0.0314 0)
(0.0004642857143 0.0314 0)
(0.0004928571429 0.0314 0)
(0.0005214285714 0.0314 0)
(0.00055 0.0314 0)
(0.0005785714286 0.0314 0)
(0.0006071428571 0.0314 0)
(0.0006357142857 0.0314 0)
(0.0006642857143 0.0314 0)
(0.0006928571429 0.0314 0)
(0.0007214285714 0.0314 0)
(0.00075 0.0314 0)
(0.0007785714286 0.0314 0)
(0.0008071428571 0.0314 0)
(0.0008357142857 0.0314 0)
(0.0008642857143 0.0314 0)
(0.0008928571429 0.0314 0)
(0.0009214285714 0.0314 0)
(0.00095 0.0314 0)
(0.0009785714286 0.0314 0)
(0.001007142857 0.0314 0)
(0.001035714286 0.0314 0)
(0.001064285714 0.0314 0)
(0.001092857143 0.0314 0)
(0.001121428571 0.0314 0)
(0.00115 0.0314 0)
(0.001178571429 0.0314 0)
(0.001207142857 0.0314 0)
(0.001235714286 0.0314 0)
(0.001264285714 0.0314 0)
(0.001292857143 0.0314 0)
(0.001321428571 0.0314 0)
(0.00135 0.0314 0)
(0.001378571429 0.0314 0)
(0.001407142857 0.0314 0)
(0.001435714286 0.0314 0)
(0.001464285714 0.0314 0)
(0.001492857143 0.0314 0)
(0.001521428571 0.0314 0)
(0.00155 0.0314 0)
(0.001578571429 0.0314 0)
(0.001607142857 0.0314 0)
(0.001635714286 0.0314 0)
(0.001664285714 0.0314 0)
(0.001692857143 0.0314 0)
(0.001721428571 0.0314 0)
(0.001721428571 0 0)
(0.001692857143 0 0)
(0.001664285714 0 0)
(0.001635714286 0 0)
(0.001607142857 0 0)
(0.001578571429 0 0)
(0.00155 0 0)
(0.001521428571 0 0)
(0.001492857143 0 0)
(0.001464285714 0 0)
(0.001435714286 0 0)
(0.001407142857 0 0)
(0.001378571429 0 0)
(0.00135 0 0)
(0.001321428571 0 0)
(0.001292857143 0 0)
(0.001264285714 0 0)
(0.001235714286 0 0)
(0.001207142857 0 0)
(0.001178571429 0 0)
(0.00115 0 0)
(0.001121428571 0 0)
(0.001092857143 0 0)
(0.001064285714 0 0)
(0.001035714286 0 0)
(0.001007142857 0 0)
(0.0009785714286 0 0)
(0.00095 0 0)
(0.0009214285714 0 0)
(0.0008928571429 0 0)
(0.0008642857143 0 0)
(0.0008357142857 0 0)
(0.0008071428571 0 0)
(0.0007785714286 0 0)
(0.00075 0 0)
(0.0007214285714 0 0)
(0.0006928571429 0 0)
(0.0006642857143 0 0)
(0.0006357142857 0 0)
(0.0006071428571 0 0)
(0.0005785714286 0 0)
(0.00055 0 0)
(0.0005214285714 0 0)
(0.0004928571429 0 0)
(0.0004642857143 0 0)
(0.0004357142857 0 0)
(0.0004071428571 0 0)
(0.0003785714286 0 0)
(0.001753030303 0 0)
(0.001756060606 0 0)
(0.001759090909 0 0)
(0.001762121212 0 0)
(0.001765151515 0 0)
(0.001768181818 0 0)
(0.001771212121 0 0)
(0.001774242424 0 0)
(0.001777272727 0 0)
(0.00178030303 0 0)
(0.001783333333 0 0)
(0.001786363636 0 0)
(0.001789393939 0 0)
(0.001792424242 0 0)
(0.001795454545 0 0)
(0.001798484848 0 0)
(0.001801515152 0 0)
(0.001804545455 0 0)
(0.001807575758 0 0)
(0.001810606061 0 0)
(0.001813636364 0 0)
(0.001816666667 0 0)
(0.00181969697 0 0)
(0.001822727273 0 0)
(0.001825757576 0 0)
(0.001828787879 0 0)
(0.001831818182 0 0)
(0.001834848485 0 0)
(0.001837878788 0 0)
(0.001840909091 0 0)
(0.001843939394 0 0)
(0.001846969697 0 0)
(0.00185 0 0)
(0.001853030303 0 0)
(0.001856060606 0 0)
(0.001859090909 0 0)
(0.001862121212 0 0)
(0.001865151515 0 0)
(0.001868181818 0 0)
(0.001871212121 0 0)
(0.001874242424 0 0)
(0.001877272727 0 0)
(0.00188030303 0 0)
(0.001883333333 0 0)
(0.001886363636 0 0)
(0.001889393939 0 0)
(0.001892424242 0 0)
(0.001895454545 0 0)
(0.001898484848 0 0)
(0.001901515152 0 0)
(0.001904545455 0 0)
(0.001907575758 0 0)
(0.001910606061 0 0)
(0.001913636364 0 0)
(0.001916666667 0 0)
(0.00191969697 0 0)
(0.001922727273 0 0)
(0.001925757576 0 0)
(0.001928787879 0 0)
(0.001931818182 0 0)
(0.001934848485 0 0)
(0.001937878788 0 0)
(0.001940909091 0 0)
(0.001943939394 0 0)
(0.001946969697 0 0)
(0.00195 0 0)
(0.001953030303 0 0)
(0.001956060606 0 0)
(0.001959090909 0 0)
(0.001962121212 0 0)
(0.001965151515 0 0)
(0.001968181818 0 0)
(0.001971212121 0 0)
(0.001974242424 0 0)
(0.001977272727 0 0)
(0.00198030303 0 0)
(0.001983333333 0 0)
(0.001986363636 0 0)
(0.001989393939 0 0)
(0.001992424242 0 0)
(0.001995454545 0 0)
(0.001998484848 0 0)
(0.002001515152 0 0)
(0.002004545455 0 0)
(0.002007575758 0 0)
(0.002010606061 0 0)
(0.002013636364 0 0)
(0.002016666667 0 0)
(0.00201969697 0 0)
(0.002022727273 0 0)
(0.002025757576 0 0)
(0.002028787879 0 0)
(0.002031818182 0 0)
(0.002034848485 0 0)
(0.002037878788 0 0)
(0.002040909091 0 0)
(0.002043939394 0 0)
(0.002046969697 0 0)
(0.002046969697 0.0314 0)
(0.002043939394 0.0314 0)
(0.002040909091 0.0314 0)
(0.002037878788 0.0314 0)
(0.002034848485 0.0314 0)
(0.002031818182 0.0314 0)
(0.002028787879 0.0314 0)
(0.002025757576 0.0314 0)
(0.002022727273 0.0314 0)
(0.00201969697 0.0314 0)
(0.002016666667 0.0314 0)
(0.002013636364 0.0314 0)
(0.002010606061 0.0314 0)
(0.002007575758 0.0314 0)
(0.002004545455 0.0314 0)
(0.002001515152 0.0314 0)
(0.001998484848 0.0314 0)
(0.001995454545 0.0314 0)
(0.001992424242 0.0314 0)
(0.001989393939 0.0314 0)
(0.001986363636 0.0314 0)
(0.001983333333 0.0314 0)
(0.00198030303 0.0314 0)
(0.001977272727 0.0314 0)
(0.001974242424 0.0314 0)
(0.001971212121 0.0314 0)
(0.001968181818 0.0314 0)
(0.001965151515 0.0314 0)
(0.001962121212 0.0314 0)
(0.001959090909 0.0314 0)
(0.001956060606 0.0314 0)
(0.001953030303 0.0314 0)
(0.00195 0.0314 0)
(0.001946969697 0.0314 0)
(0.001943939394 0.0314 0)
(0.001940909091 0.0314 0)
(0.001937878788 0.0314 0)
(0.001934848485 0.0314 0)
(0.001931818182 0.0314 0)
(0.001928787879 0.0314 0)
(0.001925757576 0.0314 0)
(0.001922727273 0.0314 0)
(0.00191969697 0.0314 0)
(0.001916666667 0.0314 0)
(0.001913636364 0.0314 0)
(0.001910606061 0.0314 0)
(0.001907575758 0.0314 0)
(0.001904545455 0.0314 0)
(0.001901515152 0.0314 0)
(0.001898484848 0.0314 0)
(0.001895454545 0.0314 0)
(0.001892424242 0.0314 0)
(0.001889393939 0.0314 0)
(0.001886363636 0.0314 0)
(0.001883333333 0.0314 0)
(0.00188030303 0.0314 0)
(0.001877272727 0.0314 0)
(0.001874242424 0.0314 0)
(0.001871212121 0.0314 0)
(0.001868181818 0.0314 0)
(0.001865151515 0.0314 0)
(0.001862121212 0.0314 0)
(0.001859090909 0.0314 0)
(0.001856060606 0.0314 0)
(0.001853030303 0.0314 0)
(0.00185 0.0314 0)
(0.001846969697 0.0314 0)
(0.001843939394 0.0314 0)
(0.001840909091 0.0314 0)
(0.001837878788 0.0314 0)
(0.001834848485 0.0314 0)
(0.001831818182 0.0314 0)
(0.001828787879 0.0314 0)
(0.001825757576 0.0314 0)
(0.001822727273 0.0314 0)
(0.00181969697 0.0314 0)
(0.001816666667 0.0314 0)
(0.001813636364 0.0314 0)
(0.001810606061 0.0314 0)
(0.001807575758 0.0314 0)
(0.001804545455 0.0314 0)
(0.001801515152 0.0314 0)
(0.001798484848 0.0314 0)
(0.001795454545 0.0314 0)
(0.001792424242 0.0314 0)
(0.001789393939 0.0314 0)
(0.001786363636 0.0314 0)
(0.001783333333 0.0314 0)
(0.00178030303 0.0314 0)
(0.001777272727 0.0314 0)
(0.001774242424 0.0314 0)
(0.001771212121 0.0314 0)
(0.001768181818 0.0314 0)
(0.001765151515 0.0314 0)
(0.001762121212 0.0314 0)
(0.001759090909 0.0314 0)
(0.001756060606 0.0314 0)
(0.001753030303 0.0314 0)
(5.303030303e-05 0.0314 -0.01)
(5.606060606e-05 0.0314 -0.01)
(5.909090909e-05 0.0314 -0.01)
(6.212121212e-05 0.0314 -0.01)
(6.515151515e-05 0.0314 -0.01)
(6.818181818e-05 0.0314 -0.01)
(7.121212121e-05 0.0314 -0.01)
(7.424242424e-05 0.0314 -0.01)
(7.727272727e-05 0.0314 -0.01)
(8.03030303e-05 0.0314 -0.01)
(8.333333333e-05 0.0314 -0.01)
(8.636363636e-05 0.0314 -0.01)
(8.939393939e-05 0.0314 -0.01)
(9.242424242e-05 0.0314 -0.01)
(9.545454545e-05 0.0314 -0.01)
(9.848484848e-05 0.0314 -0.01)
(0.0001015151515 0.0314 -0.01)
(0.0001045454545 0.0314 -0.01)
(0.0001075757576 0.0314 -0.01)
(0.0001106060606 0.0314 -0.01)
(0.0001136363636 0.0314 -0.01)
(0.0001166666667 0.0314 -0.01)
(0.0001196969697 0.0314 -0.01)
(0.0001227272727 0.0314 -0.01)
(0.0001257575758 0.0314 -0.01)
(0.0001287878788 0.0314 -0.01)
(0.0001318181818 0.0314 -0.01)
(0.0001348484848 0.0314 -0.01)
(0.0001378787879 0.0314 -0.01)
(0.0001409090909 0.0314 -0.01)
(0.0001439393939 0.0314 -0.01)
(0.000146969697 0.0314 -0.01)
(0.00015 0.0314 -0.01)
(0.000153030303 0.0314 -0.01)
(0.0001560606061 0.0314 -0.01)
(0.0001590909091 0.0314 -0.01)
(0.0001621212121 0.0314 -0.01)
(0.0001651515152 0.0314 -0.01)
(0.0001681818182 0.0314 -0.01)
(0.0001712121212 0.0314 -0.01)
(0.0001742424242 0.0314 -0.01)
(0.0001772727273 0.0314 -0.01)
(0.0001803030303 0.0314 -0.01)
(0.0001833333333 0.0314 -0.01)
(0.0001863636364 0.0314 -0.01)
(0.0001893939394 0.0314 -0.01)
(0.0001924242424 0.0314 -0.01)
(0.0001954545455 0.0314 -0.01)
(0.0001984848485 0.0314 -0.01)
(0.0002015151515 0.0314 -0.01)
(0.0002045454545 0.0314 -0.01)
(0.0002075757576 0.0314 -0.01)
(0.0002106060606 0.0314 -0.01)
(0.0002136363636 0.0314 -0.01)
(0.0002166666667 0.0314 -0.01)
(0.0002196969697 0.0314 -0.01)
(0.0002227272727 0.0314 -0.01)
(0.0002257575758 0.0314 -0.01)
(0.0002287878788 0.0314 -0.01)
(0.0002318181818 0.0314 -0.01)
(0.0002348484848 0.0314 -0.01)
(0.0002378787879 0.0314 -0.01)
(0.0002409090909 0.0314 -0.01)
(0.0002439393939 0.0314 -0.01)
(0.000246969697 0.0314 -0.01)
(0.00025 0.0314 -0.01)
(0.000253030303 0.0314 -0.01)
(0.0002560606061 0.0314 -0.01)
(0.0002590909091 0.0314 -0.01)
(0.0002621212121 0.0314 -0.01)
(0.0002651515152 0.0314 -0.01)
(0.0002681818182 0.0314 -0.01)
(0.0002712121212 0.0314 -0.01)
(0.0002742424242 0.0314 -0.01)
(0.0002772727273 0.0314 -0.01)
(0.0002803030303 0.0314 -0.01)
(0.0002833333333 0.0314 -0.01)
(0.0002863636364 0.0314 -0.01)
(0.0002893939394 0.0314 -0.01)
(0.0002924242424 0.0314 -0.01)
(0.0002954545455 0.0314 -0.01)
(0.0002984848485 0.0314 -0.01)
(0.0003015151515 0.0314 -0.01)
(0.0003045454545 0.0314 -0.01)
(0.0003075757576 0.0314 -0.01)
(0.0003106060606 0.0314 -0.01)
(0.0003136363636 0.0314 -0.01)
(0.0003166666667 0.0314 -0.01)
(0.0003196969697 0.0314 -0.01)
(0.0003227272727 0.0314 -0.01)
(0.0003257575758 0.0314 -0.01)
(0.0003287878788 0.0314 -0.01)
(0.0003318181818 0.0314 -0.01)
(0.0003348484848 0.0314 -0.01)
(0.0003378787879 0.0314 -0.01)
(0.0003409090909 0.0314 -0.01)
(0.0003439393939 0.0314 -0.01)
(0.000346969697 0.0314 -0.01)
(0.000346969697 0 -0.01)
(0.0003439393939 0 -0.01)
(0.0003409090909 0 -0.01)
(0.0003378787879 0 -0.01)
(0.0003348484848 0 -0.01)
(0.0003318181818 0 -0.01)
(0.0003287878788 0 -0.01)
(0.0003257575758 0 -0.01)
(0.0003227272727 0 -0.01)
(0.0003196969697 0 -0.01)
(0.0003166666667 0 -0.01)
(0.0003136363636 0 -0.01)
(0.0003106060606 0 -0.01)
(0.0003075757576 0 -0.01)
(0.0003045454545 0 -0.01)
(0.0003015151515 0 -0.01)
(0.0002984848485 0 -0.01)
(0.0002954545455 0 -0.01)
(0.0002924242424 0 -0.01)
(0.0002893939394 0 -0.01)
(0.0002863636364 0 -0.01)
(0.0002833333333 0 -0.01)
(0.0002803030303 0 -0.01)
(0.0002772727273 0 -0.01)
(0.0002742424242 0 -0.01)
(0.0002712121212 0 -0.01)
(0.0002681818182 0 -0.01)
(0.0002651515152 0 -0.01)
(0.0002621212121 0 -0.01)
(0.0002590909091 0 -0.01)
(0.0002560606061 0 -0.01)
(0.000253030303 0 -0.01)
(0.00025 0 -0.01)
(0.000246969697 0 -0.01)
(0.0002439393939 0 -0.01)
(0.0002409090909 0 -0.01)
(0.0002378787879 0 -0.01)
(0.0002348484848 0 -0.01)
(0.0002318181818 0 -0.01)
(0.0002287878788 0 -0.01)
(0.0002257575758 0 -0.01)
(0.0002227272727 0 -0.01)
(0.0002196969697 0 -0.01)
(0.0002166666667 0 -0.01)
(0.0002136363636 0 -0.01)
(0.0002106060606 0 -0.01)
(0.0002075757576 0 -0.01)
(0.0002045454545 0 -0.01)
(0.0002015151515 0 -0.01)
(0.0001984848485 0 -0.01)
(0.0001954545455 0 -0.01)
(0.0001924242424 0 -0.01)
(0.0001893939394 0 -0.01)
(0.0001863636364 0 -0.01)
(0.0001833333333 0 -0.01)
(0.0001803030303 0 -0.01)
(0.0001772727273 0 -0.01)
(0.0001742424242 0 -0.01)
(0.0001712121212 0 -0.01)
(0.0001681818182 0 -0.01)
(0.0001651515152 0 -0.01)
(0.0001621212121 0 -0.01)
(0.0001590909091 0 -0.01)
(0.0001560606061 0 -0.01)
(0.000153030303 0 -0.01)
(0.00015 0 -0.01)
(0.000146969697 0 -0.01)
(0.0001439393939 0 -0.01)
(0.0001409090909 0 -0.01)
(0.0001378787879 0 -0.01)
(0.0001348484848 0 -0.01)
(0.0001318181818 0 -0.01)
(0.0001287878788 0 -0.01)
(0.0001257575758 0 -0.01)
(0.0001227272727 0 -0.01)
(0.0001196969697 0 -0.01)
(0.0001166666667 0 -0.01)
(0.0001136363636 0 -0.01)
(0.0001106060606 0 -0.01)
(0.0001075757576 0 -0.01)
(0.0001045454545 0 -0.01)
(0.0001015151515 0 -0.01)
(9.848484848e-05 0 -0.01)
(9.545454545e-05 0 -0.01)
(9.242424242e-05 0 -0.01)
(8.939393939e-05 0 -0.01)
(8.636363636e-05 0 -0.01)
(8.333333333e-05 0 -0.01)
(8.03030303e-05 0 -0.01)
(7.727272727e-05 0 -0.01)
(7.424242424e-05 0 -0.01)
(7.121212121e-05 0 -0.01)
(6.818181818e-05 0 -0.01)
(6.515151515e-05 0 -0.01)
(6.212121212e-05 0 -0.01)
(5.909090909e-05 0 -0.01)
(5.606060606e-05 0 -0.01)
(5.303030303e-05 0 -0.01)
(0.0003785714286 0.0314 -0.01)
(0.0004071428571 0.0314 -0.01)
(0.0004357142857 0.0314 -0.01)
(0.0004642857143 0.0314 -0.01)
(0.0004928571429 0.0314 -0.01)
(0.0005214285714 0.0314 -0.01)
(0.00055 0.0314 -0.01)
(0.0005785714286 0.0314 -0.01)
(0.0006071428571 0.0314 -0.01)
(0.0006357142857 0.0314 -0.01)
(0.0006642857143 0.0314 -0.01)
(0.0006928571429 0.0314 -0.01)
(0.0007214285714 0.0314 -0.01)
(0.00075 0.0314 -0.01)
(0.0007785714286 0.0314 -0.01)
(0.0008071428571 0.0314 -0.01)
(0.0008357142857 0.0314 -0.01)
(0.0008642857143 0.0314 -0.01)
(0.0008928571429 0.0314 -0.01)
(0.0009214285714 0.0314 -0.01)
(0.00095 0.0314 -0.01)
(0.0009785714286 0.0314 -0.01)
(0.001007142857 0.0314 -0.01)
(0.001035714286 0.0314 -0.01)
(0.001064285714 0.0314 -0.01)
(0.001092857143 0.0314 -0.01)
(0.001121428571 0.0314 -0.01)
(0.00115 0.0314 -0.01)
(0.001178571429 0.0314 -0.01)
(0.001207142857 0.0314 -0.01)
(0.001235714286 0.0314 -0.01)
(0.001264285714 0.0314 -0.01)
(0.001292857143 0.0314 -0.01)
(0.001321428571 0.0314 -0.01)
(0.00135 0.0314 -0.01)
(0.001378571429 0.0314 -0.01)
(0.001407142857 0.0314 -0.01)
(0.001435714286 0.0314 -0.01)
(0.001464285714 0.0314 -0.01)
(0.001492857143 0.0314 -0.01)
(0.001521428571 0.0314 -0.01)
(0.00155 0.0314 -0.01)
(0.001578571429 0.0314 -0.01)
(0.001607142857 0.0314 -0.01)
(0.001635714286 0.0314 -0.01)
(0.001664285714 0.0314 -0.01)
(0.001692857143 0.0314 -0.01)
(0.001721428571 0.0314 -0.01)
(0.001721428571 0 -0.01)
(0.001692857143 0 -0.01)
(0.001664285714 0 -0.01)
(0.001635714286 0 -0.01)
(0.001607142857 0 -0.01)
(0.001578571429 0 -0.01)
(0.00155 0 -0.01)
(0.001521428571 0 -0.01)
(0.001492857143 0 -0.01)
(0.001464285714 0 -0.01)
(0.001435714286 0 -0.01)
(0.001407142857 0 -0.01)
(0.001378571429 0 -0.01)
(0.00135 0 -0.01)
(0.001321428571 0 -0.01)
(0.001292857143 0 -0.01)
(0.001264285714 0 -0.01)
(0.001235714286 0 -0.01)
(0.001207142857 0 -0.01)
(0.001178571429 0 -0.01)
(0.00115 0 -0.01)
(0.001121428571 0 -0.01)
(0.001092857143 0 -0.01)
(0.001064285714 0 -0.01)
(0.001035714286 0 -0.01)
(0.001007142857 0 -0.01)
(0.0009785714286 0 -0.01)
(0.00095 0 -0.01)
(0.0009214285714 0 -0.01)
(0.0008928571429 0 -0.01)
(0.0008642857143 0 -0.01)
(0.0008357142857 0 -0.01)
(0.0008071428571 0 -0.01)
(0.0007785714286 0 -0.01)
(0.00075 0 -0.01)
(0.0007214285714 0 -0.01)
(0.0006928571429 0 -0.01)
(0.0006642857143 0 -0.01)
(0.0006357142857 0 -0.01)
(0.0006071428571 0 -0.01)
(0.0005785714286 0 -0.01)
(0.00055 0 -0.01)
(0.0005214285714 0 -0.01)
(0.0004928571429 0 -0.01)
(0.0004642857143 0 -0.01)
(0.0004357142857 0 -0.01)
(0.0004071428571 0 -0.01)
(0.0003785714286 0 -0.01)
(0.002046969697 0.0314 -0.01)
(0.002043939394 0.0314 -0.01)
(0.002040909091 0.0314 -0.01)
(0.002037878788 0.0314 -0.01)
(0.002034848485 0.0314 -0.01)
(0.002031818182 0.0314 -0.01)
(0.002028787879 0.0314 -0.01)
(0.002025757576 0.0314 -0.01)
(0.002022727273 0.0314 -0.01)
(0.00201969697 0.0314 -0.01)
(0.002016666667 0.0314 -0.01)
(0.002013636364 0.0314 -0.01)
(0.002010606061 0.0314 -0.01)
(0.002007575758 0.0314 -0.01)
(0.002004545455 0.0314 -0.01)
(0.002001515152 0.0314 -0.01)
(0.001998484848 0.0314 -0.01)
(0.001995454545 0.0314 -0.01)
(0.001992424242 0.0314 -0.01)
(0.001989393939 0.0314 -0.01)
(0.001986363636 0.0314 -0.01)
(0.001983333333 0.0314 -0.01)
(0.00198030303 0.0314 -0.01)
(0.001977272727 0.0314 -0.01)
(0.001974242424 0.0314 -0.01)
(0.001971212121 0.0314 -0.01)
(0.001968181818 0.0314 -0.01)
(0.001965151515 0.0314 -0.01)
(0.001962121212 0.0314 -0.01)
(0.001959090909 0.0314 -0.01)
(0.001956060606 0.0314 -0.01)
(0.001953030303 0.0314 -0.01)
(0.00195 0.0314 -0.01)
(0.001946969697 0.0314 -0.01)
(0.001943939394 0.0314 -0.01)
(0.001940909091 0.0314 -0.01)
(0.001937878788 0.0314 -0.01)
(0.001934848485 0.0314 -0.01)
(0.001931818182 0.0314 -0.01)
(0.001928787879 0.0314 -0.01)
(0.001925757576 0.0314 -0.01)
(0.001922727273 0.0314 -0.01)
(0.00191969697 0.0314 -0.01)
(0.001916666667 0.0314 -0.01)
(0.001913636364 0.0314 -0.01)
(0.001910606061 0.0314 -0.01)
(0.001907575758 0.0314 -0.01)
(0.001904545455 0.0314 -0.01)
(0.001901515152 0.0314 -0.01)
(0.001898484848 0.0314 -0.01)
(0.001895454545 0.0314 -0.01)
(0.001892424242 0.0314 -0.01)
(0.001889393939 0.0314 -0.01)
(0.001886363636 0.0314 -0.01)
(0.001883333333 0.0314 -0.01)
(0.00188030303 0.0314 -0.01)
(0.001877272727 0.0314 -0.01)
(0.001874242424 0.0314 -0.01)
(0.001871212121 0.0314 -0.01)
(0.001868181818 0.0314 -0.01)
(0.001865151515 0.0314 -0.01)
(0.001862121212 0.0314 -0.01)
(0.001859090909 0.0314 -0.01)
(0.001856060606 0.0314 -0.01)
(0.001853030303 0.0314 -0.01)
(0.00185 0.0314 -0.01)
(0.001846969697 0.0314 -0.01)
(0.001843939394 0.0314 -0.01)
(0.001840909091 0.0314 -0.01)
(0.001837878788 0.0314 -0.01)
(0.001834848485 0.0314 -0.01)
(0.001831818182 0.0314 -0.01)
(0.001828787879 0.0314 -0.01)
(0.001825757576 0.0314 -0.01)
(0.001822727273 0.0314 -0.01)
(0.00181969697 0.0314 -0.01)
(0.001816666667 0.0314 -0.01)
(0.001813636364 0.0314 -0.01)
(0.001810606061 0.0314 -0.01)
(0.001807575758 0.0314 -0.01)
(0.001804545455 0.0314 -0.01)
(0.001801515152 0.0314 -0.01)
(0.001798484848 0.0314 -0.01)
(0.001795454545 0.0314 -0.01)
(0.001792424242 0.0314 -0.01)
(0.001789393939 0.0314 -0.01)
(0.001786363636 0.0314 -0.01)
(0.001783333333 0.0314 -0.01)
(0.00178030303 0.0314 -0.01)
(0.001777272727 0.0314 -0.01)
(0.001774242424 0.0314 -0.01)
(0.001771212121 0.0314 -0.01)
(0.001768181818 0.0314 -0.01)
(0.001765151515 0.0314 -0.01)
(0.001762121212 0.0314 -0.01)
(0.001759090909 0.0314 -0.01)
(0.001756060606 0.0314 -0.01)
(0.001753030303 0.0314 -0.01)
(0.001753030303 0 -0.01)
(0.001756060606 0 -0.01)
(0.001759090909 0 -0.01)
(0.001762121212 0 -0.01)
(0.001765151515 0 -0.01)
(0.001768181818 0 -0.01)
(0.001771212121 0 -0.01)
(0.001774242424 0 -0.01)
(0.001777272727 0 -0.01)
(0.00178030303 0 -0.01)
(0.001783333333 0 -0.01)
(0.001786363636 0 -0.01)
(0.001789393939 0 -0.01)
(0.001792424242 0 -0.01)
(0.001795454545 0 -0.01)
(0.001798484848 0 -0.01)
(0.001801515152 0 -0.01)
(0.001804545455 0 -0.01)
(0.001807575758 0 -0.01)
(0.001810606061 0 -0.01)
(0.001813636364 0 -0.01)
(0.001816666667 0 -0.01)
(0.00181969697 0 -0.01)
(0.001822727273 0 -0.01)
(0.001825757576 0 -0.01)
(0.001828787879 0 -0.01)
(0.001831818182 0 -0.01)
(0.001834848485 0 -0.01)
(0.001837878788 0 -0.01)
(0.001840909091 0 -0.01)
(0.001843939394 0 -0.01)
(0.001846969697 0 -0.01)
(0.00185 0 -0.01)
(0.001853030303 0 -0.01)
(0.001856060606 0 -0.01)
(0.001859090909 0 -0.01)
(0.001862121212 0 -0.01)
(0.001865151515 0 -0.01)
(0.001868181818 0 -0.01)
(0.001871212121 0 -0.01)
(0.001874242424 0 -0.01)
(0.001877272727 0 -0.01)
(0.00188030303 0 -0.01)
(0.001883333333 0 -0.01)
(0.001886363636 0 -0.01)
(0.001889393939 0 -0.01)
(0.001892424242 0 -0.01)
(0.001895454545 0 -0.01)
(0.001898484848 0 -0.01)
(0.001901515152 0 -0.01)
(0.001904545455 0 -0.01)
(0.001907575758 0 -0.01)
(0.001910606061 0 -0.01)
(0.001913636364 0 -0.01)
(0.001916666667 0 -0.01)
(0.00191969697 0 -0.01)
(0.001922727273 0 -0.01)
(0.001925757576 0 -0.01)
(0.001928787879 0 -0.01)
(0.001931818182 0 -0.01)
(0.001934848485 0 -0.01)
(0.001937878788 0 -0.01)
(0.001940909091 0 -0.01)
(0.001943939394 0 -0.01)
(0.001946969697 0 -0.01)
(0.00195 0 -0.01)
(0.001953030303 0 -0.01)
(0.001956060606 0 -0.01)
(0.001959090909 0 -0.01)
(0.001962121212 0 -0.01)
(0.001965151515 0 -0.01)
(0.001968181818 0 -0.01)
(0.001971212121 0 -0.01)
(0.001974242424 0 -0.01)
(0.001977272727 0 -0.01)
(0.00198030303 0 -0.01)
(0.001983333333 0 -0.01)
(0.001986363636 0 -0.01)
(0.001989393939 0 -0.01)
(0.001992424242 0 -0.01)
(0.001995454545 0 -0.01)
(0.001998484848 0 -0.01)
(0.002001515152 0 -0.01)
(0.002004545455 0 -0.01)
(0.002007575758 0 -0.01)
(0.002010606061 0 -0.01)
(0.002013636364 0 -0.01)
(0.002016666667 0 -0.01)
(0.00201969697 0 -0.01)
(0.002022727273 0 -0.01)
(0.002025757576 0 -0.01)
(0.002028787879 0 -0.01)
(0.002031818182 0 -0.01)
(0.002034848485 0 -0.01)
(0.002037878788 0 -0.01)
(0.002040909091 0 -0.01)
(0.002043939394 0 -0.01)
(0.002046969697 0 -0.01)
)


// ************************************************************************* //
