(
667.386666666667	1.44E+25
3604.50666666667	5.36E+24
7756.53333333333	3.37E+24
14755.2	2.81E+24
31575.2	2.29E+24
43933.0666666667	2.16E+24
52640.8	2.16E+24
59747.7333333333	2.19E+24
66274.6666666667	2.23E+24
72801.6	2.28E+24
79730.6666666667	2.33E+24
87232	2.39E+24
95584	2.45E+24
105018.666666667	2.51E+24
115613.333333333	2.57E+24
127522.666666667	2.63E+24
140901.333333333	2.68E+24
155904	2.73E+24
172608	2.78E+24
191090.666666667	2.82E+24
211506.666666667	2.85E+24
233778.666666667	2.88E+24
258138.666666667	2.89E+24
284509.333333333	2.90E+24
312968	2.91E+24
343669.333333333	2.90E+24
376690.666666667	2.90E+24
412109.333333333	2.89E+24
450157.333333333	2.88E+24
490757.333333333	2.86E+24
534218.666666667	2.84E+24
580773.333333333	2.83E+24
630498.666666667	2.81E+24
683626.666666667	2.79E+24
740466.666666667	2.77E+24
801173.333333333	2.75E+24
866133.333333333	2.73E+24
935733.333333333	2.72E+24
1009973.33333333	2.70E+24
1089626.66666667	2.69E+24
1175466.66666667	2.67E+24
1266720	2.66E+24
1364933.33333333	2.65E+24
1470106.66666667	2.64E+24
1583013.33333333	2.64E+24
1704426.66666667	2.63E+24
1835893.33333333	2.63E+24
1976640	2.63E+24
2128213.33333333	2.63E+24
2291386.66666667	2.63E+24
2467706.66666667	2.64E+24
2657946.66666667	2.64E+24
2863653.33333333	2.65E+24
3084826.66666667	2.66E+24
3324560	2.67E+24
3583626.66666667	2.69E+24
3863573.33333333	2.70E+24
4166720	2.72E+24
4493840	2.74E+24
4847253.33333333	2.76E+24
5229280	2.78E+24
5640693.33333333	2.80E+24
6085360	2.83E+24
6564053.33333333	2.85E+24
7078320	2.87E+24
7630480	2.90E+24
8220533.33333333	2.92E+24
8854666.66666667	2.94E+24
9527466.66666667	2.96E+24
10238933.3333333	2.98E+24
10996800	2.99E+24
11793333.3333333	3.01E+24
12628533.3333333	3.01E+24
13502400	3.02E+24
14414933.3333333	3.01E+24
15350666.6666667	3.01E+24
16317333.3333333	2.99E+24
17307200	2.98E+24
18312533.3333333	2.95E+24
19325600	2.92E+24
20338666.6666667	2.89E+24
21359466.6666667	2.84E+24
22364800	2.80E+24
23362400	2.75E+24
24336800	2.69E+24
25288000	2.64E+24
26208266.6666667	2.58E+24
27105333.3333333	2.51E+24
27971466.6666667	2.45E+24
28806666.6666667	2.38E+24
29603200	2.32E+24
30361066.6666667	2.25E+24
31088000	2.18E+24
31784000	2.12E+24
32441333.3333333	2.05E+24
33067733.3333333	1.99E+24
33663200	1.93E+24
34227733.3333333	1.86E+24
34761333.3333333	1.80E+24
35264000	1.74E+24
)
