(
0.1	2.54416E+22
0.1119	2.54416E+22
0.1253	2.54416E+22
0.1402	2.54416E+22
0.157	2.54416E+22
0.1757	2.54416E+22
0.1966	2.54415E+22
0.2201	2.54415E+22
0.2463	2.54414E+22
0.2757	2.54414E+22
0.3086	2.54413E+22
0.3454	2.54412E+22
0.3866	2.54411E+22
0.4327	2.54409E+22
0.4844	2.54407E+22
0.5421	2.54405E+22
0.6068	2.54402E+22
0.6792	2.54398E+22
0.7602	2.54393E+22
0.8509	2.54387E+22
0.9524	2.54380E+22
1.066	2.54371E+22
1.193	2.54359E+22
1.335	2.54344E+22
1.495	2.54326E+22
1.673	2.54303E+22
1.873	2.54274E+22
2.096	2.54238E+22
2.346	2.54194E+22
2.626	2.54137E+22
2.939	2.54067E+22
3.29	2.53979E+22
3.682	2.53870E+22
4.121	2.53733E+22
4.613	2.53563E+22
5.163	2.53351E+22
5.779	2.53088E+22
6.468	2.52761E+22
7.24	2.52357E+22
8.104	2.51857E+22
9.07	2.51245E+22
10.15	2.50495E+22
11.36	2.49582E+22
12.72	2.48472E+22
14.24	2.47141E+22
15.93	2.45564E+22
17.83	2.43696E+22
19.96	2.41511E+22
22.34	2.38992E+22
25.01	2.36115E+22
27.99	2.32888E+22
31.33	2.29300E+22
35.07	2.25367E+22
39.25	2.21119E+22
43.93	2.16575E+22
49.17	2.11767E+22
55.04	2.06724E+22
61.6	2.01489E+22
68.95	1.96077E+22
77.18	1.90513E+22
86.38	1.84828E+22
96.69	1.79023E+22
108.2	1.73135E+22
121.1	1.67153E+22
135.6	1.61076E+22
151.7	1.54996E+22
169.8	1.48856E+22
190.1	1.42697E+22
212.8	1.36566E+22
238.2	1.30488E+22
266.6	1.24497E+22
298.4	1.18615E+22
315.1	1.15820E+22
345.8	1.11130E+22
377.9	1.06757E+22
411.5	1.02667E+22
446.5	9.88503E+21
482.9	9.52844E+21
520.8	9.19406E+21
560	8.88175E+21
600.7	8.58816E+21
642.9	8.31187E+21
686.4	8.05272E+21
731.4	7.80818E+21
777.9	7.57717E+21
825.7	7.35956E+21
875	7.15343E+21
925.7	6.95834E+21
977.8	6.77345E+21
1031	6.59895E+21
1086	6.43189E+21
1143	6.27139E+21
1201	6.11973E+21
1260	5.97615E+21
1321	5.83778E+21
1383	5.70650E+21
1446	5.58174E+21
1511	5.46119E+21
1578	5.34473E+21
1646	5.23380E+21
1715	5.12800E+21
1786	5.02554E+21
1858	4.92765E+21
1931	4.83400E+21
2006	4.74312E+21
2083	4.65495E+21
2161	4.57045E+21
2240	4.48938E+21
2321	4.41058E+21
2403	4.33488E+21
2486	4.26208E+21
2571	4.19120E+21
2658	4.12219E+21
2745	4.05648E+21
2835	3.99170E+21
2925	3.92992E+21
3018	3.86900E+21
3111	3.81082E+21
3206	3.75402E+21
3303	3.69857E+21
3400	3.64550E+21
3500	3.59311E+21
3600	3.54292E+21
3703	3.49335E+21
3806	3.44581E+21
3911	3.39929E+21
4017	3.35418E+21
4125	3.31002E+21
4235	3.26679E+21
4345	3.22520E+21
4457	3.18445E+21
4571	3.14452E+21
4686	3.10573E+21
4802	3.06801E+21
4920	3.03102E+21
5040	2.99474E+21
5160	2.95973E+21
5282	2.92537E+21
5406	2.89164E+21
5531	2.85880E+21
5657	2.82680E+21
5785	2.79536E+21
5914	2.76472E+21
6045	2.73461E+21
6177	2.70525E+21
6311	2.67639E+21
6446	2.64822E+21
6582	2.62073E+21
6720	2.59369E+21
6859	2.56728E+21
7000	2.54131E+21
)
