/*--------------------------------*- C++ -*----------------------------------*\
| =========                 |                                                 |
| \\      /  F ield         | foam-extend: Open Source CFD                    |
|  \\    /   O peration     | Version:     4.0                                |
|   \\  /    A nd           | Web:         http://www.foam-extend.org         |
|    \\/     M anipulation  |                                                 |
\*---------------------------------------------------------------------------*/
FoamFile
{
    version     2.0;
    format      ascii;
    class       faceList;
    location    "constant/polyMesh";
    object      faces;
}
// * * * * * * * * * * * * * * * * * * * * * * * * * * * * * * * * * * * * * //


1501
(
4(1 302 904 603)
4(2 303 905 604)
4(3 304 906 605)
4(4 305 907 606)
4(5 306 908 607)
4(6 307 909 608)
4(7 308 910 609)
4(8 309 911 610)
4(9 310 912 611)
4(10 311 913 612)
4(11 312 914 613)
4(12 313 915 614)
4(13 314 916 615)
4(14 315 917 616)
4(15 316 918 617)
4(16 317 919 618)
4(17 318 920 619)
4(18 319 921 620)
4(19 320 922 621)
4(20 321 923 622)
4(21 322 924 623)
4(22 323 925 624)
4(23 324 926 625)
4(24 325 927 626)
4(25 326 928 627)
4(26 327 929 628)
4(27 328 930 629)
4(28 329 931 630)
4(29 330 932 631)
4(30 331 933 632)
4(31 332 934 633)
4(32 333 935 634)
4(33 334 936 635)
4(34 335 937 636)
4(35 336 938 637)
4(36 337 939 638)
4(37 338 940 639)
4(38 339 941 640)
4(39 340 942 641)
4(40 341 943 642)
4(41 342 944 643)
4(42 343 945 644)
4(43 344 946 645)
4(44 345 947 646)
4(45 346 948 647)
4(46 347 949 648)
4(47 348 950 649)
4(48 349 951 650)
4(49 350 952 651)
4(50 351 953 652)
4(51 352 954 653)
4(52 353 955 654)
4(53 354 956 655)
4(54 355 957 656)
4(55 356 958 657)
4(56 357 959 658)
4(57 358 960 659)
4(58 359 961 660)
4(59 360 962 661)
4(60 361 963 662)
4(61 362 964 663)
4(62 363 965 664)
4(63 364 966 665)
4(64 365 967 666)
4(65 366 968 667)
4(66 367 969 668)
4(67 368 970 669)
4(68 369 971 670)
4(69 370 972 671)
4(70 371 973 672)
4(71 372 974 673)
4(72 373 975 674)
4(73 374 976 675)
4(74 375 977 676)
4(75 376 978 677)
4(76 377 979 678)
4(77 378 980 679)
4(78 379 981 680)
4(79 380 982 681)
4(80 381 983 682)
4(81 382 984 683)
4(82 383 985 684)
4(83 384 986 685)
4(84 385 987 686)
4(85 386 988 687)
4(86 387 989 688)
4(87 388 990 689)
4(88 389 991 690)
4(89 390 992 691)
4(90 391 993 692)
4(91 392 994 693)
4(92 393 995 694)
4(93 394 996 695)
4(94 395 997 696)
4(95 396 998 697)
4(96 397 999 698)
4(97 398 1000 699)
4(98 399 1001 700)
4(99 400 1002 701)
4(100 401 1003 702)
4(101 402 1004 703)
4(102 403 1005 704)
4(103 404 1006 705)
4(104 405 1007 706)
4(105 406 1008 707)
4(106 407 1009 708)
4(107 408 1010 709)
4(108 409 1011 710)
4(109 410 1012 711)
4(110 411 1013 712)
4(111 412 1014 713)
4(112 413 1015 714)
4(113 414 1016 715)
4(114 415 1017 716)
4(115 416 1018 717)
4(116 417 1019 718)
4(117 418 1020 719)
4(118 419 1021 720)
4(119 420 1022 721)
4(120 421 1023 722)
4(121 422 1024 723)
4(122 423 1025 724)
4(123 424 1026 725)
4(124 425 1027 726)
4(125 426 1028 727)
4(126 427 1029 728)
4(127 428 1030 729)
4(128 429 1031 730)
4(129 430 1032 731)
4(130 431 1033 732)
4(131 432 1034 733)
4(132 433 1035 734)
4(133 434 1036 735)
4(134 435 1037 736)
4(135 436 1038 737)
4(136 437 1039 738)
4(137 438 1040 739)
4(138 439 1041 740)
4(139 440 1042 741)
4(140 441 1043 742)
4(141 442 1044 743)
4(142 443 1045 744)
4(143 444 1046 745)
4(144 445 1047 746)
4(145 446 1048 747)
4(146 447 1049 748)
4(147 448 1050 749)
4(148 449 1051 750)
4(149 450 1052 751)
4(150 451 1053 752)
4(151 452 1054 753)
4(152 453 1055 754)
4(153 454 1056 755)
4(154 455 1057 756)
4(155 456 1058 757)
4(156 457 1059 758)
4(157 458 1060 759)
4(158 459 1061 760)
4(159 460 1062 761)
4(160 461 1063 762)
4(161 462 1064 763)
4(162 463 1065 764)
4(163 464 1066 765)
4(164 465 1067 766)
4(165 466 1068 767)
4(166 467 1069 768)
4(167 468 1070 769)
4(168 469 1071 770)
4(169 470 1072 771)
4(170 471 1073 772)
4(171 472 1074 773)
4(172 473 1075 774)
4(173 474 1076 775)
4(174 475 1077 776)
4(175 476 1078 777)
4(176 477 1079 778)
4(177 478 1080 779)
4(178 479 1081 780)
4(179 480 1082 781)
4(180 481 1083 782)
4(181 482 1084 783)
4(182 483 1085 784)
4(183 484 1086 785)
4(184 485 1087 786)
4(185 486 1088 787)
4(186 487 1089 788)
4(187 488 1090 789)
4(188 489 1091 790)
4(189 490 1092 791)
4(190 491 1093 792)
4(191 492 1094 793)
4(192 493 1095 794)
4(193 494 1096 795)
4(194 495 1097 796)
4(195 496 1098 797)
4(196 497 1099 798)
4(197 498 1100 799)
4(198 499 1101 800)
4(199 500 1102 801)
4(200 501 1103 802)
4(201 502 1104 803)
4(202 503 1105 804)
4(203 504 1106 805)
4(204 505 1107 806)
4(205 506 1108 807)
4(206 507 1109 808)
4(207 508 1110 809)
4(208 509 1111 810)
4(209 510 1112 811)
4(210 511 1113 812)
4(211 512 1114 813)
4(212 513 1115 814)
4(213 514 1116 815)
4(214 515 1117 816)
4(215 516 1118 817)
4(216 517 1119 818)
4(217 518 1120 819)
4(218 519 1121 820)
4(219 520 1122 821)
4(220 521 1123 822)
4(221 522 1124 823)
4(222 523 1125 824)
4(223 524 1126 825)
4(224 525 1127 826)
4(225 526 1128 827)
4(226 527 1129 828)
4(227 528 1130 829)
4(228 529 1131 830)
4(229 530 1132 831)
4(230 531 1133 832)
4(231 532 1134 833)
4(232 533 1135 834)
4(233 534 1136 835)
4(234 535 1137 836)
4(235 536 1138 837)
4(236 537 1139 838)
4(237 538 1140 839)
4(238 539 1141 840)
4(239 540 1142 841)
4(240 541 1143 842)
4(241 542 1144 843)
4(242 543 1145 844)
4(243 544 1146 845)
4(244 545 1147 846)
4(245 546 1148 847)
4(246 547 1149 848)
4(247 548 1150 849)
4(248 549 1151 850)
4(249 550 1152 851)
4(250 551 1153 852)
4(251 552 1154 853)
4(252 553 1155 854)
4(253 554 1156 855)
4(254 555 1157 856)
4(255 556 1158 857)
4(256 557 1159 858)
4(257 558 1160 859)
4(258 559 1161 860)
4(259 560 1162 861)
4(260 561 1163 862)
4(261 562 1164 863)
4(262 563 1165 864)
4(263 564 1166 865)
4(264 565 1167 866)
4(265 566 1168 867)
4(266 567 1169 868)
4(267 568 1170 869)
4(268 569 1171 870)
4(269 570 1172 871)
4(270 571 1173 872)
4(271 572 1174 873)
4(272 573 1175 874)
4(273 574 1176 875)
4(274 575 1177 876)
4(275 576 1178 877)
4(276 577 1179 878)
4(277 578 1180 879)
4(278 579 1181 880)
4(279 580 1182 881)
4(280 581 1183 882)
4(281 582 1184 883)
4(282 583 1185 884)
4(283 584 1186 885)
4(284 585 1187 886)
4(285 586 1188 887)
4(286 587 1189 888)
4(287 588 1190 889)
4(288 589 1191 890)
4(289 590 1192 891)
4(290 591 1193 892)
4(291 592 1194 893)
4(292 593 1195 894)
4(293 594 1196 895)
4(294 595 1197 896)
4(295 596 1198 897)
4(296 597 1199 898)
4(297 598 1200 899)
4(298 599 1201 900)
4(299 600 1202 901)
4(0 602 903 301)
4(300 601 1203 902)
4(0 1 603 602)
4(1 2 604 603)
4(2 3 605 604)
4(3 4 606 605)
4(4 5 607 606)
4(5 6 608 607)
4(6 7 609 608)
4(7 8 610 609)
4(8 9 611 610)
4(9 10 612 611)
4(10 11 613 612)
4(11 12 614 613)
4(12 13 615 614)
4(13 14 616 615)
4(14 15 617 616)
4(15 16 618 617)
4(16 17 619 618)
4(17 18 620 619)
4(18 19 621 620)
4(19 20 622 621)
4(20 21 623 622)
4(21 22 624 623)
4(22 23 625 624)
4(23 24 626 625)
4(24 25 627 626)
4(25 26 628 627)
4(26 27 629 628)
4(27 28 630 629)
4(28 29 631 630)
4(29 30 632 631)
4(30 31 633 632)
4(31 32 634 633)
4(32 33 635 634)
4(33 34 636 635)
4(34 35 637 636)
4(35 36 638 637)
4(36 37 639 638)
4(37 38 640 639)
4(38 39 641 640)
4(39 40 642 641)
4(40 41 643 642)
4(41 42 644 643)
4(42 43 645 644)
4(43 44 646 645)
4(44 45 647 646)
4(45 46 648 647)
4(46 47 649 648)
4(47 48 650 649)
4(48 49 651 650)
4(49 50 652 651)
4(50 51 653 652)
4(51 52 654 653)
4(52 53 655 654)
4(53 54 656 655)
4(54 55 657 656)
4(55 56 658 657)
4(56 57 659 658)
4(57 58 660 659)
4(58 59 661 660)
4(59 60 662 661)
4(60 61 663 662)
4(61 62 664 663)
4(62 63 665 664)
4(63 64 666 665)
4(64 65 667 666)
4(65 66 668 667)
4(66 67 669 668)
4(67 68 670 669)
4(68 69 671 670)
4(69 70 672 671)
4(70 71 673 672)
4(71 72 674 673)
4(72 73 675 674)
4(73 74 676 675)
4(74 75 677 676)
4(75 76 678 677)
4(76 77 679 678)
4(77 78 680 679)
4(78 79 681 680)
4(79 80 682 681)
4(80 81 683 682)
4(81 82 684 683)
4(82 83 685 684)
4(83 84 686 685)
4(84 85 687 686)
4(85 86 688 687)
4(86 87 689 688)
4(87 88 690 689)
4(88 89 691 690)
4(89 90 692 691)
4(90 91 693 692)
4(91 92 694 693)
4(92 93 695 694)
4(93 94 696 695)
4(94 95 697 696)
4(95 96 698 697)
4(96 97 699 698)
4(97 98 700 699)
4(98 99 701 700)
4(99 100 702 701)
4(100 101 703 702)
4(101 102 704 703)
4(102 103 705 704)
4(103 104 706 705)
4(104 105 707 706)
4(105 106 708 707)
4(106 107 709 708)
4(107 108 710 709)
4(108 109 711 710)
4(109 110 712 711)
4(110 111 713 712)
4(111 112 714 713)
4(112 113 715 714)
4(113 114 716 715)
4(114 115 717 716)
4(115 116 718 717)
4(116 117 719 718)
4(117 118 720 719)
4(118 119 721 720)
4(119 120 722 721)
4(120 121 723 722)
4(121 122 724 723)
4(122 123 725 724)
4(123 124 726 725)
4(124 125 727 726)
4(125 126 728 727)
4(126 127 729 728)
4(127 128 730 729)
4(128 129 731 730)
4(129 130 732 731)
4(130 131 733 732)
4(131 132 734 733)
4(132 133 735 734)
4(133 134 736 735)
4(134 135 737 736)
4(135 136 738 737)
4(136 137 739 738)
4(137 138 740 739)
4(138 139 741 740)
4(139 140 742 741)
4(140 141 743 742)
4(141 142 744 743)
4(142 143 745 744)
4(143 144 746 745)
4(144 145 747 746)
4(145 146 748 747)
4(146 147 749 748)
4(147 148 750 749)
4(148 149 751 750)
4(149 150 752 751)
4(150 151 753 752)
4(151 152 754 753)
4(152 153 755 754)
4(153 154 756 755)
4(154 155 757 756)
4(155 156 758 757)
4(156 157 759 758)
4(157 158 760 759)
4(158 159 761 760)
4(159 160 762 761)
4(160 161 763 762)
4(161 162 764 763)
4(162 163 765 764)
4(163 164 766 765)
4(164 165 767 766)
4(165 166 768 767)
4(166 167 769 768)
4(167 168 770 769)
4(168 169 771 770)
4(169 170 772 771)
4(170 171 773 772)
4(171 172 774 773)
4(172 173 775 774)
4(173 174 776 775)
4(174 175 777 776)
4(175 176 778 777)
4(176 177 779 778)
4(177 178 780 779)
4(178 179 781 780)
4(179 180 782 781)
4(180 181 783 782)
4(181 182 784 783)
4(182 183 785 784)
4(183 184 786 785)
4(184 185 787 786)
4(185 186 788 787)
4(186 187 789 788)
4(187 188 790 789)
4(188 189 791 790)
4(189 190 792 791)
4(190 191 793 792)
4(191 192 794 793)
4(192 193 795 794)
4(193 194 796 795)
4(194 195 797 796)
4(195 196 798 797)
4(196 197 799 798)
4(197 198 800 799)
4(198 199 801 800)
4(199 200 802 801)
4(200 201 803 802)
4(201 202 804 803)
4(202 203 805 804)
4(203 204 806 805)
4(204 205 807 806)
4(205 206 808 807)
4(206 207 809 808)
4(207 208 810 809)
4(208 209 811 810)
4(209 210 812 811)
4(210 211 813 812)
4(211 212 814 813)
4(212 213 815 814)
4(213 214 816 815)
4(214 215 817 816)
4(215 216 818 817)
4(216 217 819 818)
4(217 218 820 819)
4(218 219 821 820)
4(219 220 822 821)
4(220 221 823 822)
4(221 222 824 823)
4(222 223 825 824)
4(223 224 826 825)
4(224 225 827 826)
4(225 226 828 827)
4(226 227 829 828)
4(227 228 830 829)
4(228 229 831 830)
4(229 230 832 831)
4(230 231 833 832)
4(231 232 834 833)
4(232 233 835 834)
4(233 234 836 835)
4(234 235 837 836)
4(235 236 838 837)
4(236 237 839 838)
4(237 238 840 839)
4(238 239 841 840)
4(239 240 842 841)
4(240 241 843 842)
4(241 242 844 843)
4(242 243 845 844)
4(243 244 846 845)
4(244 245 847 846)
4(245 246 848 847)
4(246 247 849 848)
4(247 248 850 849)
4(248 249 851 850)
4(249 250 852 851)
4(250 251 853 852)
4(251 252 854 853)
4(252 253 855 854)
4(253 254 856 855)
4(254 255 857 856)
4(255 256 858 857)
4(256 257 859 858)
4(257 258 860 859)
4(258 259 861 860)
4(259 260 862 861)
4(260 261 863 862)
4(261 262 864 863)
4(262 263 865 864)
4(263 264 866 865)
4(264 265 867 866)
4(265 266 868 867)
4(266 267 869 868)
4(267 268 870 869)
4(268 269 871 870)
4(269 270 872 871)
4(270 271 873 872)
4(271 272 874 873)
4(272 273 875 874)
4(273 274 876 875)
4(274 275 877 876)
4(275 276 878 877)
4(276 277 879 878)
4(277 278 880 879)
4(278 279 881 880)
4(279 280 882 881)
4(280 281 883 882)
4(281 282 884 883)
4(282 283 885 884)
4(283 284 886 885)
4(284 285 887 886)
4(285 286 888 887)
4(286 287 889 888)
4(287 288 890 889)
4(288 289 891 890)
4(289 290 892 891)
4(290 291 893 892)
4(291 292 894 893)
4(292 293 895 894)
4(293 294 896 895)
4(294 295 897 896)
4(295 296 898 897)
4(296 297 899 898)
4(297 298 900 899)
4(298 299 901 900)
4(299 300 902 901)
4(301 903 904 302)
4(302 904 905 303)
4(303 905 906 304)
4(304 906 907 305)
4(305 907 908 306)
4(306 908 909 307)
4(307 909 910 308)
4(308 910 911 309)
4(309 911 912 310)
4(310 912 913 311)
4(311 913 914 312)
4(312 914 915 313)
4(313 915 916 314)
4(314 916 917 315)
4(315 917 918 316)
4(316 918 919 317)
4(317 919 920 318)
4(318 920 921 319)
4(319 921 922 320)
4(320 922 923 321)
4(321 923 924 322)
4(322 924 925 323)
4(323 925 926 324)
4(324 926 927 325)
4(325 927 928 326)
4(326 928 929 327)
4(327 929 930 328)
4(328 930 931 329)
4(329 931 932 330)
4(330 932 933 331)
4(331 933 934 332)
4(332 934 935 333)
4(333 935 936 334)
4(334 936 937 335)
4(335 937 938 336)
4(336 938 939 337)
4(337 939 940 338)
4(338 940 941 339)
4(339 941 942 340)
4(340 942 943 341)
4(341 943 944 342)
4(342 944 945 343)
4(343 945 946 344)
4(344 946 947 345)
4(345 947 948 346)
4(346 948 949 347)
4(347 949 950 348)
4(348 950 951 349)
4(349 951 952 350)
4(350 952 953 351)
4(351 953 954 352)
4(352 954 955 353)
4(353 955 956 354)
4(354 956 957 355)
4(355 957 958 356)
4(356 958 959 357)
4(357 959 960 358)
4(358 960 961 359)
4(359 961 962 360)
4(360 962 963 361)
4(361 963 964 362)
4(362 964 965 363)
4(363 965 966 364)
4(364 966 967 365)
4(365 967 968 366)
4(366 968 969 367)
4(367 969 970 368)
4(368 970 971 369)
4(369 971 972 370)
4(370 972 973 371)
4(371 973 974 372)
4(372 974 975 373)
4(373 975 976 374)
4(374 976 977 375)
4(375 977 978 376)
4(376 978 979 377)
4(377 979 980 378)
4(378 980 981 379)
4(379 981 982 380)
4(380 982 983 381)
4(381 983 984 382)
4(382 984 985 383)
4(383 985 986 384)
4(384 986 987 385)
4(385 987 988 386)
4(386 988 989 387)
4(387 989 990 388)
4(388 990 991 389)
4(389 991 992 390)
4(390 992 993 391)
4(391 993 994 392)
4(392 994 995 393)
4(393 995 996 394)
4(394 996 997 395)
4(395 997 998 396)
4(396 998 999 397)
4(397 999 1000 398)
4(398 1000 1001 399)
4(399 1001 1002 400)
4(400 1002 1003 401)
4(401 1003 1004 402)
4(402 1004 1005 403)
4(403 1005 1006 404)
4(404 1006 1007 405)
4(405 1007 1008 406)
4(406 1008 1009 407)
4(407 1009 1010 408)
4(408 1010 1011 409)
4(409 1011 1012 410)
4(410 1012 1013 411)
4(411 1013 1014 412)
4(412 1014 1015 413)
4(413 1015 1016 414)
4(414 1016 1017 415)
4(415 1017 1018 416)
4(416 1018 1019 417)
4(417 1019 1020 418)
4(418 1020 1021 419)
4(419 1021 1022 420)
4(420 1022 1023 421)
4(421 1023 1024 422)
4(422 1024 1025 423)
4(423 1025 1026 424)
4(424 1026 1027 425)
4(425 1027 1028 426)
4(426 1028 1029 427)
4(427 1029 1030 428)
4(428 1030 1031 429)
4(429 1031 1032 430)
4(430 1032 1033 431)
4(431 1033 1034 432)
4(432 1034 1035 433)
4(433 1035 1036 434)
4(434 1036 1037 435)
4(435 1037 1038 436)
4(436 1038 1039 437)
4(437 1039 1040 438)
4(438 1040 1041 439)
4(439 1041 1042 440)
4(440 1042 1043 441)
4(441 1043 1044 442)
4(442 1044 1045 443)
4(443 1045 1046 444)
4(444 1046 1047 445)
4(445 1047 1048 446)
4(446 1048 1049 447)
4(447 1049 1050 448)
4(448 1050 1051 449)
4(449 1051 1052 450)
4(450 1052 1053 451)
4(451 1053 1054 452)
4(452 1054 1055 453)
4(453 1055 1056 454)
4(454 1056 1057 455)
4(455 1057 1058 456)
4(456 1058 1059 457)
4(457 1059 1060 458)
4(458 1060 1061 459)
4(459 1061 1062 460)
4(460 1062 1063 461)
4(461 1063 1064 462)
4(462 1064 1065 463)
4(463 1065 1066 464)
4(464 1066 1067 465)
4(465 1067 1068 466)
4(466 1068 1069 467)
4(467 1069 1070 468)
4(468 1070 1071 469)
4(469 1071 1072 470)
4(470 1072 1073 471)
4(471 1073 1074 472)
4(472 1074 1075 473)
4(473 1075 1076 474)
4(474 1076 1077 475)
4(475 1077 1078 476)
4(476 1078 1079 477)
4(477 1079 1080 478)
4(478 1080 1081 479)
4(479 1081 1082 480)
4(480 1082 1083 481)
4(481 1083 1084 482)
4(482 1084 1085 483)
4(483 1085 1086 484)
4(484 1086 1087 485)
4(485 1087 1088 486)
4(486 1088 1089 487)
4(487 1089 1090 488)
4(488 1090 1091 489)
4(489 1091 1092 490)
4(490 1092 1093 491)
4(491 1093 1094 492)
4(492 1094 1095 493)
4(493 1095 1096 494)
4(494 1096 1097 495)
4(495 1097 1098 496)
4(496 1098 1099 497)
4(497 1099 1100 498)
4(498 1100 1101 499)
4(499 1101 1102 500)
4(500 1102 1103 501)
4(501 1103 1104 502)
4(502 1104 1105 503)
4(503 1105 1106 504)
4(504 1106 1107 505)
4(505 1107 1108 506)
4(506 1108 1109 507)
4(507 1109 1110 508)
4(508 1110 1111 509)
4(509 1111 1112 510)
4(510 1112 1113 511)
4(511 1113 1114 512)
4(512 1114 1115 513)
4(513 1115 1116 514)
4(514 1116 1117 515)
4(515 1117 1118 516)
4(516 1118 1119 517)
4(517 1119 1120 518)
4(518 1120 1121 519)
4(519 1121 1122 520)
4(520 1122 1123 521)
4(521 1123 1124 522)
4(522 1124 1125 523)
4(523 1125 1126 524)
4(524 1126 1127 525)
4(525 1127 1128 526)
4(526 1128 1129 527)
4(527 1129 1130 528)
4(528 1130 1131 529)
4(529 1131 1132 530)
4(530 1132 1133 531)
4(531 1133 1134 532)
4(532 1134 1135 533)
4(533 1135 1136 534)
4(534 1136 1137 535)
4(535 1137 1138 536)
4(536 1138 1139 537)
4(537 1139 1140 538)
4(538 1140 1141 539)
4(539 1141 1142 540)
4(540 1142 1143 541)
4(541 1143 1144 542)
4(542 1144 1145 543)
4(543 1145 1146 544)
4(544 1146 1147 545)
4(545 1147 1148 546)
4(546 1148 1149 547)
4(547 1149 1150 548)
4(548 1150 1151 549)
4(549 1151 1152 550)
4(550 1152 1153 551)
4(551 1153 1154 552)
4(552 1154 1155 553)
4(553 1155 1156 554)
4(554 1156 1157 555)
4(555 1157 1158 556)
4(556 1158 1159 557)
4(557 1159 1160 558)
4(558 1160 1161 559)
4(559 1161 1162 560)
4(560 1162 1163 561)
4(561 1163 1164 562)
4(562 1164 1165 563)
4(563 1165 1166 564)
4(564 1166 1167 565)
4(565 1167 1168 566)
4(566 1168 1169 567)
4(567 1169 1170 568)
4(568 1170 1171 569)
4(569 1171 1172 570)
4(570 1172 1173 571)
4(571 1173 1174 572)
4(572 1174 1175 573)
4(573 1175 1176 574)
4(574 1176 1177 575)
4(575 1177 1178 576)
4(576 1178 1179 577)
4(577 1179 1180 578)
4(578 1180 1181 579)
4(579 1181 1182 580)
4(580 1182 1183 581)
4(581 1183 1184 582)
4(582 1184 1185 583)
4(583 1185 1186 584)
4(584 1186 1187 585)
4(585 1187 1188 586)
4(586 1188 1189 587)
4(587 1189 1190 588)
4(588 1190 1191 589)
4(589 1191 1192 590)
4(590 1192 1193 591)
4(591 1193 1194 592)
4(592 1194 1195 593)
4(593 1195 1196 594)
4(594 1196 1197 595)
4(595 1197 1198 596)
4(596 1198 1199 597)
4(597 1199 1200 598)
4(598 1200 1201 599)
4(599 1201 1202 600)
4(600 1202 1203 601)
4(0 301 302 1)
4(1 302 303 2)
4(2 303 304 3)
4(3 304 305 4)
4(4 305 306 5)
4(5 306 307 6)
4(6 307 308 7)
4(7 308 309 8)
4(8 309 310 9)
4(9 310 311 10)
4(10 311 312 11)
4(11 312 313 12)
4(12 313 314 13)
4(13 314 315 14)
4(14 315 316 15)
4(15 316 317 16)
4(16 317 318 17)
4(17 318 319 18)
4(18 319 320 19)
4(19 320 321 20)
4(20 321 322 21)
4(21 322 323 22)
4(22 323 324 23)
4(23 324 325 24)
4(24 325 326 25)
4(25 326 327 26)
4(26 327 328 27)
4(27 328 329 28)
4(28 329 330 29)
4(29 330 331 30)
4(30 331 332 31)
4(31 332 333 32)
4(32 333 334 33)
4(33 334 335 34)
4(34 335 336 35)
4(35 336 337 36)
4(36 337 338 37)
4(37 338 339 38)
4(38 339 340 39)
4(39 340 341 40)
4(40 341 342 41)
4(41 342 343 42)
4(42 343 344 43)
4(43 344 345 44)
4(44 345 346 45)
4(45 346 347 46)
4(46 347 348 47)
4(47 348 349 48)
4(48 349 350 49)
4(49 350 351 50)
4(50 351 352 51)
4(51 352 353 52)
4(52 353 354 53)
4(53 354 355 54)
4(54 355 356 55)
4(55 356 357 56)
4(56 357 358 57)
4(57 358 359 58)
4(58 359 360 59)
4(59 360 361 60)
4(60 361 362 61)
4(61 362 363 62)
4(62 363 364 63)
4(63 364 365 64)
4(64 365 366 65)
4(65 366 367 66)
4(66 367 368 67)
4(67 368 369 68)
4(68 369 370 69)
4(69 370 371 70)
4(70 371 372 71)
4(71 372 373 72)
4(72 373 374 73)
4(73 374 375 74)
4(74 375 376 75)
4(75 376 377 76)
4(76 377 378 77)
4(77 378 379 78)
4(78 379 380 79)
4(79 380 381 80)
4(80 381 382 81)
4(81 382 383 82)
4(82 383 384 83)
4(83 384 385 84)
4(84 385 386 85)
4(85 386 387 86)
4(86 387 388 87)
4(87 388 389 88)
4(88 389 390 89)
4(89 390 391 90)
4(90 391 392 91)
4(91 392 393 92)
4(92 393 394 93)
4(93 394 395 94)
4(94 395 396 95)
4(95 396 397 96)
4(96 397 398 97)
4(97 398 399 98)
4(98 399 400 99)
4(99 400 401 100)
4(100 401 402 101)
4(101 402 403 102)
4(102 403 404 103)
4(103 404 405 104)
4(104 405 406 105)
4(105 406 407 106)
4(106 407 408 107)
4(107 408 409 108)
4(108 409 410 109)
4(109 410 411 110)
4(110 411 412 111)
4(111 412 413 112)
4(112 413 414 113)
4(113 414 415 114)
4(114 415 416 115)
4(115 416 417 116)
4(116 417 418 117)
4(117 418 419 118)
4(118 419 420 119)
4(119 420 421 120)
4(120 421 422 121)
4(121 422 423 122)
4(122 423 424 123)
4(123 424 425 124)
4(124 425 426 125)
4(125 426 427 126)
4(126 427 428 127)
4(127 428 429 128)
4(128 429 430 129)
4(129 430 431 130)
4(130 431 432 131)
4(131 432 433 132)
4(132 433 434 133)
4(133 434 435 134)
4(134 435 436 135)
4(135 436 437 136)
4(136 437 438 137)
4(137 438 439 138)
4(138 439 440 139)
4(139 440 441 140)
4(140 441 442 141)
4(141 442 443 142)
4(142 443 444 143)
4(143 444 445 144)
4(144 445 446 145)
4(145 446 447 146)
4(146 447 448 147)
4(147 448 449 148)
4(148 449 450 149)
4(149 450 451 150)
4(150 451 452 151)
4(151 452 453 152)
4(152 453 454 153)
4(153 454 455 154)
4(154 455 456 155)
4(155 456 457 156)
4(156 457 458 157)
4(157 458 459 158)
4(158 459 460 159)
4(159 460 461 160)
4(160 461 462 161)
4(161 462 463 162)
4(162 463 464 163)
4(163 464 465 164)
4(164 465 466 165)
4(165 466 467 166)
4(166 467 468 167)
4(167 468 469 168)
4(168 469 470 169)
4(169 470 471 170)
4(170 471 472 171)
4(171 472 473 172)
4(172 473 474 173)
4(173 474 475 174)
4(174 475 476 175)
4(175 476 477 176)
4(176 477 478 177)
4(177 478 479 178)
4(178 479 480 179)
4(179 480 481 180)
4(180 481 482 181)
4(181 482 483 182)
4(182 483 484 183)
4(183 484 485 184)
4(184 485 486 185)
4(185 486 487 186)
4(186 487 488 187)
4(187 488 489 188)
4(188 489 490 189)
4(189 490 491 190)
4(190 491 492 191)
4(191 492 493 192)
4(192 493 494 193)
4(193 494 495 194)
4(194 495 496 195)
4(195 496 497 196)
4(196 497 498 197)
4(197 498 499 198)
4(198 499 500 199)
4(199 500 501 200)
4(200 501 502 201)
4(201 502 503 202)
4(202 503 504 203)
4(203 504 505 204)
4(204 505 506 205)
4(205 506 507 206)
4(206 507 508 207)
4(207 508 509 208)
4(208 509 510 209)
4(209 510 511 210)
4(210 511 512 211)
4(211 512 513 212)
4(212 513 514 213)
4(213 514 515 214)
4(214 515 516 215)
4(215 516 517 216)
4(216 517 518 217)
4(217 518 519 218)
4(218 519 520 219)
4(219 520 521 220)
4(220 521 522 221)
4(221 522 523 222)
4(222 523 524 223)
4(223 524 525 224)
4(224 525 526 225)
4(225 526 527 226)
4(226 527 528 227)
4(227 528 529 228)
4(228 529 530 229)
4(229 530 531 230)
4(230 531 532 231)
4(231 532 533 232)
4(232 533 534 233)
4(233 534 535 234)
4(234 535 536 235)
4(235 536 537 236)
4(236 537 538 237)
4(237 538 539 238)
4(238 539 540 239)
4(239 540 541 240)
4(240 541 542 241)
4(241 542 543 242)
4(242 543 544 243)
4(243 544 545 244)
4(244 545 546 245)
4(245 546 547 246)
4(246 547 548 247)
4(247 548 549 248)
4(248 549 550 249)
4(249 550 551 250)
4(250 551 552 251)
4(251 552 553 252)
4(252 553 554 253)
4(253 554 555 254)
4(254 555 556 255)
4(255 556 557 256)
4(256 557 558 257)
4(257 558 559 258)
4(258 559 560 259)
4(259 560 561 260)
4(260 561 562 261)
4(261 562 563 262)
4(262 563 564 263)
4(263 564 565 264)
4(264 565 566 265)
4(265 566 567 266)
4(266 567 568 267)
4(267 568 569 268)
4(268 569 570 269)
4(269 570 571 270)
4(270 571 572 271)
4(271 572 573 272)
4(272 573 574 273)
4(273 574 575 274)
4(274 575 576 275)
4(275 576 577 276)
4(276 577 578 277)
4(277 578 579 278)
4(278 579 580 279)
4(279 580 581 280)
4(280 581 582 281)
4(281 582 583 282)
4(282 583 584 283)
4(283 584 585 284)
4(284 585 586 285)
4(285 586 587 286)
4(286 587 588 287)
4(287 588 589 288)
4(288 589 590 289)
4(289 590 591 290)
4(290 591 592 291)
4(291 592 593 292)
4(292 593 594 293)
4(293 594 595 294)
4(294 595 596 295)
4(295 596 597 296)
4(296 597 598 297)
4(297 598 599 298)
4(298 599 600 299)
4(299 600 601 300)
4(602 603 904 903)
4(603 604 905 904)
4(604 605 906 905)
4(605 606 907 906)
4(606 607 908 907)
4(607 608 909 908)
4(608 609 910 909)
4(609 610 911 910)
4(610 611 912 911)
4(611 612 913 912)
4(612 613 914 913)
4(613 614 915 914)
4(614 615 916 915)
4(615 616 917 916)
4(616 617 918 917)
4(617 618 919 918)
4(618 619 920 919)
4(619 620 921 920)
4(620 621 922 921)
4(621 622 923 922)
4(622 623 924 923)
4(623 624 925 924)
4(624 625 926 925)
4(625 626 927 926)
4(626 627 928 927)
4(627 628 929 928)
4(628 629 930 929)
4(629 630 931 930)
4(630 631 932 931)
4(631 632 933 932)
4(632 633 934 933)
4(633 634 935 934)
4(634 635 936 935)
4(635 636 937 936)
4(636 637 938 937)
4(637 638 939 938)
4(638 639 940 939)
4(639 640 941 940)
4(640 641 942 941)
4(641 642 943 942)
4(642 643 944 943)
4(643 644 945 944)
4(644 645 946 945)
4(645 646 947 946)
4(646 647 948 947)
4(647 648 949 948)
4(648 649 950 949)
4(649 650 951 950)
4(650 651 952 951)
4(651 652 953 952)
4(652 653 954 953)
4(653 654 955 954)
4(654 655 956 955)
4(655 656 957 956)
4(656 657 958 957)
4(657 658 959 958)
4(658 659 960 959)
4(659 660 961 960)
4(660 661 962 961)
4(661 662 963 962)
4(662 663 964 963)
4(663 664 965 964)
4(664 665 966 965)
4(665 666 967 966)
4(666 667 968 967)
4(667 668 969 968)
4(668 669 970 969)
4(669 670 971 970)
4(670 671 972 971)
4(671 672 973 972)
4(672 673 974 973)
4(673 674 975 974)
4(674 675 976 975)
4(675 676 977 976)
4(676 677 978 977)
4(677 678 979 978)
4(678 679 980 979)
4(679 680 981 980)
4(680 681 982 981)
4(681 682 983 982)
4(682 683 984 983)
4(683 684 985 984)
4(684 685 986 985)
4(685 686 987 986)
4(686 687 988 987)
4(687 688 989 988)
4(688 689 990 989)
4(689 690 991 990)
4(690 691 992 991)
4(691 692 993 992)
4(692 693 994 993)
4(693 694 995 994)
4(694 695 996 995)
4(695 696 997 996)
4(696 697 998 997)
4(697 698 999 998)
4(698 699 1000 999)
4(699 700 1001 1000)
4(700 701 1002 1001)
4(701 702 1003 1002)
4(702 703 1004 1003)
4(703 704 1005 1004)
4(704 705 1006 1005)
4(705 706 1007 1006)
4(706 707 1008 1007)
4(707 708 1009 1008)
4(708 709 1010 1009)
4(709 710 1011 1010)
4(710 711 1012 1011)
4(711 712 1013 1012)
4(712 713 1014 1013)
4(713 714 1015 1014)
4(714 715 1016 1015)
4(715 716 1017 1016)
4(716 717 1018 1017)
4(717 718 1019 1018)
4(718 719 1020 1019)
4(719 720 1021 1020)
4(720 721 1022 1021)
4(721 722 1023 1022)
4(722 723 1024 1023)
4(723 724 1025 1024)
4(724 725 1026 1025)
4(725 726 1027 1026)
4(726 727 1028 1027)
4(727 728 1029 1028)
4(728 729 1030 1029)
4(729 730 1031 1030)
4(730 731 1032 1031)
4(731 732 1033 1032)
4(732 733 1034 1033)
4(733 734 1035 1034)
4(734 735 1036 1035)
4(735 736 1037 1036)
4(736 737 1038 1037)
4(737 738 1039 1038)
4(738 739 1040 1039)
4(739 740 1041 1040)
4(740 741 1042 1041)
4(741 742 1043 1042)
4(742 743 1044 1043)
4(743 744 1045 1044)
4(744 745 1046 1045)
4(745 746 1047 1046)
4(746 747 1048 1047)
4(747 748 1049 1048)
4(748 749 1050 1049)
4(749 750 1051 1050)
4(750 751 1052 1051)
4(751 752 1053 1052)
4(752 753 1054 1053)
4(753 754 1055 1054)
4(754 755 1056 1055)
4(755 756 1057 1056)
4(756 757 1058 1057)
4(757 758 1059 1058)
4(758 759 1060 1059)
4(759 760 1061 1060)
4(760 761 1062 1061)
4(761 762 1063 1062)
4(762 763 1064 1063)
4(763 764 1065 1064)
4(764 765 1066 1065)
4(765 766 1067 1066)
4(766 767 1068 1067)
4(767 768 1069 1068)
4(768 769 1070 1069)
4(769 770 1071 1070)
4(770 771 1072 1071)
4(771 772 1073 1072)
4(772 773 1074 1073)
4(773 774 1075 1074)
4(774 775 1076 1075)
4(775 776 1077 1076)
4(776 777 1078 1077)
4(777 778 1079 1078)
4(778 779 1080 1079)
4(779 780 1081 1080)
4(780 781 1082 1081)
4(781 782 1083 1082)
4(782 783 1084 1083)
4(783 784 1085 1084)
4(784 785 1086 1085)
4(785 786 1087 1086)
4(786 787 1088 1087)
4(787 788 1089 1088)
4(788 789 1090 1089)
4(789 790 1091 1090)
4(790 791 1092 1091)
4(791 792 1093 1092)
4(792 793 1094 1093)
4(793 794 1095 1094)
4(794 795 1096 1095)
4(795 796 1097 1096)
4(796 797 1098 1097)
4(797 798 1099 1098)
4(798 799 1100 1099)
4(799 800 1101 1100)
4(800 801 1102 1101)
4(801 802 1103 1102)
4(802 803 1104 1103)
4(803 804 1105 1104)
4(804 805 1106 1105)
4(805 806 1107 1106)
4(806 807 1108 1107)
4(807 808 1109 1108)
4(808 809 1110 1109)
4(809 810 1111 1110)
4(810 811 1112 1111)
4(811 812 1113 1112)
4(812 813 1114 1113)
4(813 814 1115 1114)
4(814 815 1116 1115)
4(815 816 1117 1116)
4(816 817 1118 1117)
4(817 818 1119 1118)
4(818 819 1120 1119)
4(819 820 1121 1120)
4(820 821 1122 1121)
4(821 822 1123 1122)
4(822 823 1124 1123)
4(823 824 1125 1124)
4(824 825 1126 1125)
4(825 826 1127 1126)
4(826 827 1128 1127)
4(827 828 1129 1128)
4(828 829 1130 1129)
4(829 830 1131 1130)
4(830 831 1132 1131)
4(831 832 1133 1132)
4(832 833 1134 1133)
4(833 834 1135 1134)
4(834 835 1136 1135)
4(835 836 1137 1136)
4(836 837 1138 1137)
4(837 838 1139 1138)
4(838 839 1140 1139)
4(839 840 1141 1140)
4(840 841 1142 1141)
4(841 842 1143 1142)
4(842 843 1144 1143)
4(843 844 1145 1144)
4(844 845 1146 1145)
4(845 846 1147 1146)
4(846 847 1148 1147)
4(847 848 1149 1148)
4(848 849 1150 1149)
4(849 850 1151 1150)
4(850 851 1152 1151)
4(851 852 1153 1152)
4(852 853 1154 1153)
4(853 854 1155 1154)
4(854 855 1156 1155)
4(855 856 1157 1156)
4(856 857 1158 1157)
4(857 858 1159 1158)
4(858 859 1160 1159)
4(859 860 1161 1160)
4(860 861 1162 1161)
4(861 862 1163 1162)
4(862 863 1164 1163)
4(863 864 1165 1164)
4(864 865 1166 1165)
4(865 866 1167 1166)
4(866 867 1168 1167)
4(867 868 1169 1168)
4(868 869 1170 1169)
4(869 870 1171 1170)
4(870 871 1172 1171)
4(871 872 1173 1172)
4(872 873 1174 1173)
4(873 874 1175 1174)
4(874 875 1176 1175)
4(875 876 1177 1176)
4(876 877 1178 1177)
4(877 878 1179 1178)
4(878 879 1180 1179)
4(879 880 1181 1180)
4(880 881 1182 1181)
4(881 882 1183 1182)
4(882 883 1184 1183)
4(883 884 1185 1184)
4(884 885 1186 1185)
4(885 886 1187 1186)
4(886 887 1188 1187)
4(887 888 1189 1188)
4(888 889 1190 1189)
4(889 890 1191 1190)
4(890 891 1192 1191)
4(891 892 1193 1192)
4(892 893 1194 1193)
4(893 894 1195 1194)
4(894 895 1196 1195)
4(895 896 1197 1196)
4(896 897 1198 1197)
4(897 898 1199 1198)
4(898 899 1200 1199)
4(899 900 1201 1200)
4(900 901 1202 1201)
4(901 902 1203 1202)
)


// ************************************************************************* //
