/*--------------------------------*- C++ -*----------------------------------*\
| =========                 |                                                 |
| \\      /  F ield         | foam-extend: Open Source CFD                    |
|  \\    /   O peration     | Version:     4.0                                |
|   \\  /    A nd           | Web:         http://www.foam-extend.org         |
|    \\/     M anipulation  |                                                 |
\*---------------------------------------------------------------------------*/
FoamFile
{
    version     2.0;
    format      ascii;
    class       vectorField;
    location    "constant/polyMesh";
    object      points;
}
// * * * * * * * * * * * * * * * * * * * * * * * * * * * * * * * * * * * * * //


1604
(
(0 0 0)
(0.00015875 0 0)
(0.0003175 0 0)
(0.00047625 0 0)
(0.000635 0 0)
(0.00079375 0 0)
(0.0009525 0 0)
(0.00111125 0 0)
(0.00127 0 0)
(0.00142875 0 0)
(0.0015875 0 0)
(0.00174625 0 0)
(0.001905 0 0)
(0.00206375 0 0)
(0.0022225 0 0)
(0.00238125 0 0)
(0.00254 0 0)
(0.00269875 0 0)
(0.0028575 0 0)
(0.00301625 0 0)
(0.003175 0 0)
(0.00333375 0 0)
(0.0034925 0 0)
(0.00365125 0 0)
(0.00381 0 0)
(0.00396875 0 0)
(0.0041275 0 0)
(0.00428625 0 0)
(0.004445 0 0)
(0.00460375 0 0)
(0.0047625 0 0)
(0.00492125 0 0)
(0.00508 0 0)
(0.00523875 0 0)
(0.0053975 0 0)
(0.00555625 0 0)
(0.005715 0 0)
(0.00587375 0 0)
(0.0060325 0 0)
(0.00619125 0 0)
(0.00635 0 0)
(0.00650875 0 0)
(0.0066675 0 0)
(0.00682625 0 0)
(0.006985 0 0)
(0.00714375 0 0)
(0.0073025 0 0)
(0.00746125 0 0)
(0.00762 0 0)
(0.00777875 0 0)
(0.0079375 0 0)
(0.00809625 0 0)
(0.008255 0 0)
(0.00841375 0 0)
(0.0085725 0 0)
(0.00873125 0 0)
(0.00889 0 0)
(0.00904875 0 0)
(0.0092075 0 0)
(0.00936625 0 0)
(0.009525 0 0)
(0.00968375 0 0)
(0.0098425 0 0)
(0.01000125 0 0)
(0.01016 0 0)
(0.01031875 0 0)
(0.0104775 0 0)
(0.01063625 0 0)
(0.010795 0 0)
(0.01095375 0 0)
(0.0111125 0 0)
(0.01127125 0 0)
(0.01143 0 0)
(0.01158875 0 0)
(0.0117475 0 0)
(0.01190625 0 0)
(0.012065 0 0)
(0.01222375 0 0)
(0.0123825 0 0)
(0.01254125 0 0)
(0.0127 0 0)
(0.01285875 0 0)
(0.0130175 0 0)
(0.01317625 0 0)
(0.013335 0 0)
(0.01349375 0 0)
(0.0136525 0 0)
(0.01381125 0 0)
(0.01397 0 0)
(0.01412875 0 0)
(0.0142875 0 0)
(0.01444625 0 0)
(0.014605 0 0)
(0.01476375 0 0)
(0.0149225 0 0)
(0.01508125 0 0)
(0.01524 0 0)
(0.01539875 0 0)
(0.0155575 0 0)
(0.01571625 0 0)
(0.015875 0 0)
(0.01603375 0 0)
(0.0161925 0 0)
(0.01635125 0 0)
(0.01651 0 0)
(0.01666875 0 0)
(0.0168275 0 0)
(0.01698625 0 0)
(0.017145 0 0)
(0.01730375 0 0)
(0.0174625 0 0)
(0.01762125 0 0)
(0.01778 0 0)
(0.01793875 0 0)
(0.0180975 0 0)
(0.01825625 0 0)
(0.018415 0 0)
(0.01857375 0 0)
(0.0187325 0 0)
(0.01889125 0 0)
(0.01905 0 0)
(0.01920875 0 0)
(0.0193675 0 0)
(0.01952625 0 0)
(0.019685 0 0)
(0.01984375 0 0)
(0.0200025 0 0)
(0.02016125 0 0)
(0.02032 0 0)
(0.02047875 0 0)
(0.0206375 0 0)
(0.02079625 0 0)
(0.020955 0 0)
(0.02111375 0 0)
(0.0212725 0 0)
(0.02143125 0 0)
(0.02159 0 0)
(0.02174875 0 0)
(0.0219075 0 0)
(0.02206625 0 0)
(0.022225 0 0)
(0.02238375 0 0)
(0.0225425 0 0)
(0.02270125 0 0)
(0.02286 0 0)
(0.02301875 0 0)
(0.0231775 0 0)
(0.02333625 0 0)
(0.023495 0 0)
(0.02365375 0 0)
(0.0238125 0 0)
(0.02397125 0 0)
(0.02413 0 0)
(0.02428875 0 0)
(0.0244475 0 0)
(0.02460625 0 0)
(0.024765 0 0)
(0.02492375 0 0)
(0.0250825 0 0)
(0.02524125 0 0)
(0.0254 0 0)
(0.02555875 0 0)
(0.0257175 0 0)
(0.02587625 0 0)
(0.026035 0 0)
(0.02619375 0 0)
(0.0263525 0 0)
(0.02651125 0 0)
(0.02667 0 0)
(0.02682875 0 0)
(0.0269875 0 0)
(0.02714625 0 0)
(0.027305 0 0)
(0.02746375 0 0)
(0.0276225 0 0)
(0.02778125 0 0)
(0.02794 0 0)
(0.02809875 0 0)
(0.0282575 0 0)
(0.02841625 0 0)
(0.028575 0 0)
(0.02873375 0 0)
(0.0288925 0 0)
(0.02905125 0 0)
(0.02921 0 0)
(0.02936875 0 0)
(0.0295275 0 0)
(0.02968625 0 0)
(0.029845 0 0)
(0.03000375 0 0)
(0.0301625 0 0)
(0.03032125 0 0)
(0.03048 0 0)
(0.03063875 0 0)
(0.0307975 0 0)
(0.03095625 0 0)
(0.031115 0 0)
(0.03127375 0 0)
(0.0314325 0 0)
(0.03159125 0 0)
(0.03175 0 0)
(0.03190875 0 0)
(0.0320675 0 0)
(0.03222625 0 0)
(0.032385 0 0)
(0.03254375 0 0)
(0.0327025 0 0)
(0.03286125 0 0)
(0.03302 0 0)
(0.03317875 0 0)
(0.0333375 0 0)
(0.03349625 0 0)
(0.033655 0 0)
(0.03381375 0 0)
(0.0339725 0 0)
(0.03413125 0 0)
(0.03429 0 0)
(0.03444875 0 0)
(0.0346075 0 0)
(0.03476625 0 0)
(0.034925 0 0)
(0.03508375 0 0)
(0.0352425 0 0)
(0.03540125 0 0)
(0.03556 0 0)
(0.03571875 0 0)
(0.0358775 0 0)
(0.03603625 0 0)
(0.036195 0 0)
(0.03635375 0 0)
(0.0365125 0 0)
(0.03667125 0 0)
(0.03683 0 0)
(0.03698875 0 0)
(0.0371475 0 0)
(0.03730625 0 0)
(0.037465 0 0)
(0.03762375 0 0)
(0.0377825 0 0)
(0.03794125 0 0)
(0.0381 0 0)
(0.03825875 0 0)
(0.0384175 0 0)
(0.03857625 0 0)
(0.038735 0 0)
(0.03889375 0 0)
(0.0390525 0 0)
(0.03921125 0 0)
(0.03937 0 0)
(0.03952875 0 0)
(0.0396875 0 0)
(0.03984625 0 0)
(0.040005 0 0)
(0.04016375 0 0)
(0.0403225 0 0)
(0.04048125 0 0)
(0.04064 0 0)
(0.04079875 0 0)
(0.0409575 0 0)
(0.04111625 0 0)
(0.041275 0 0)
(0.04143375 0 0)
(0.0415925 0 0)
(0.04175125 0 0)
(0.04191 0 0)
(0.04206875 0 0)
(0.0422275 0 0)
(0.04238625 0 0)
(0.042545 0 0)
(0.04270375 0 0)
(0.0428625 0 0)
(0.04302125 0 0)
(0.04318 0 0)
(0.04333875 0 0)
(0.0434975 0 0)
(0.04365625 0 0)
(0.043815 0 0)
(0.04397375 0 0)
(0.0441325 0 0)
(0.04429125 0 0)
(0.04445 0 0)
(0.04460875 0 0)
(0.0447675 0 0)
(0.04492625 0 0)
(0.045085 0 0)
(0.04524375 0 0)
(0.0454025 0 0)
(0.04556125 0 0)
(0.04572 0 0)
(0.04587875 0 0)
(0.0460375 0 0)
(0.04619625 0 0)
(0.046355 0 0)
(0.04651375 0 0)
(0.0466725 0 0)
(0.04683125 0 0)
(0.04699 0 0)
(0.04714875 0 0)
(0.0473075 0 0)
(0.04746625 0 0)
(0.047625 0 0)
(0.04778375 0 0)
(0.0479425 0 0)
(0.04810125 0 0)
(0.04826 0 0)
(0.04841875 0 0)
(0.0485775 0 0)
(0.04873625 0 0)
(0.048895 0 0)
(0.04905375 0 0)
(0.0492125 0 0)
(0.04937125 0 0)
(0.04953 0 0)
(0.04968875 0 0)
(0.0498475 0 0)
(0.05000625 0 0)
(0.050165 0 0)
(0.05032375 0 0)
(0.0504825 0 0)
(0.05064125 0 0)
(0.0508 0 0)
(0.05095875 0 0)
(0.0511175 0 0)
(0.05127625 0 0)
(0.051435 0 0)
(0.05159375 0 0)
(0.0517525 0 0)
(0.05191125 0 0)
(0.05207 0 0)
(0.05222875 0 0)
(0.0523875 0 0)
(0.05254625 0 0)
(0.052705 0 0)
(0.05286375 0 0)
(0.0530225 0 0)
(0.05318125 0 0)
(0.05334 0 0)
(0.05349875 0 0)
(0.0536575 0 0)
(0.05381625 0 0)
(0.053975 0 0)
(0.05413375 0 0)
(0.0542925 0 0)
(0.05445125 0 0)
(0.05461 0 0)
(0.05476875 0 0)
(0.0549275 0 0)
(0.05508625 0 0)
(0.055245 0 0)
(0.05540375 0 0)
(0.0555625 0 0)
(0.05572125 0 0)
(0.05588 0 0)
(0.05603875 0 0)
(0.0561975 0 0)
(0.05635625 0 0)
(0.056515 0 0)
(0.05667375 0 0)
(0.0568325 0 0)
(0.05699125 0 0)
(0.05715 0 0)
(0.05730875 0 0)
(0.0574675 0 0)
(0.05762625 0 0)
(0.057785 0 0)
(0.05794375 0 0)
(0.0581025 0 0)
(0.05826125 0 0)
(0.05842 0 0)
(0.05857875 0 0)
(0.0587375 0 0)
(0.05889625 0 0)
(0.059055 0 0)
(0.05921375 0 0)
(0.0593725 0 0)
(0.05953125 0 0)
(0.05969 0 0)
(0.05984875 0 0)
(0.0600075 0 0)
(0.06016625 0 0)
(0.060325 0 0)
(0.06048375 0 0)
(0.0606425 0 0)
(0.06080125 0 0)
(0.06096 0 0)
(0.06111875 0 0)
(0.0612775 0 0)
(0.06143625 0 0)
(0.061595 0 0)
(0.06175375 0 0)
(0.0619125 0 0)
(0.06207125 0 0)
(0.06223 0 0)
(0.06238875 0 0)
(0.0625475 0 0)
(0.06270625 0 0)
(0.062865 0 0)
(0.06302375 0 0)
(0.0631825 0 0)
(0.06334125 0 0)
(0.0635 0 0)
(0 0.0635 0)
(0.00015875 0.0635 0)
(0.0003175 0.0635 0)
(0.00047625 0.0635 0)
(0.000635 0.0635 0)
(0.00079375 0.0635 0)
(0.0009525 0.0635 0)
(0.00111125 0.0635 0)
(0.00127 0.0635 0)
(0.00142875 0.0635 0)
(0.0015875 0.0635 0)
(0.00174625 0.0635 0)
(0.001905 0.0635 0)
(0.00206375 0.0635 0)
(0.0022225 0.0635 0)
(0.00238125 0.0635 0)
(0.00254 0.0635 0)
(0.00269875 0.0635 0)
(0.0028575 0.0635 0)
(0.00301625 0.0635 0)
(0.003175 0.0635 0)
(0.00333375 0.0635 0)
(0.0034925 0.0635 0)
(0.00365125 0.0635 0)
(0.00381 0.0635 0)
(0.00396875 0.0635 0)
(0.0041275 0.0635 0)
(0.00428625 0.0635 0)
(0.004445 0.0635 0)
(0.00460375 0.0635 0)
(0.0047625 0.0635 0)
(0.00492125 0.0635 0)
(0.00508 0.0635 0)
(0.00523875 0.0635 0)
(0.0053975 0.0635 0)
(0.00555625 0.0635 0)
(0.005715 0.0635 0)
(0.00587375 0.0635 0)
(0.0060325 0.0635 0)
(0.00619125 0.0635 0)
(0.00635 0.0635 0)
(0.00650875 0.0635 0)
(0.0066675 0.0635 0)
(0.00682625 0.0635 0)
(0.006985 0.0635 0)
(0.00714375 0.0635 0)
(0.0073025 0.0635 0)
(0.00746125 0.0635 0)
(0.00762 0.0635 0)
(0.00777875 0.0635 0)
(0.0079375 0.0635 0)
(0.00809625 0.0635 0)
(0.008255 0.0635 0)
(0.00841375 0.0635 0)
(0.0085725 0.0635 0)
(0.00873125 0.0635 0)
(0.00889 0.0635 0)
(0.00904875 0.0635 0)
(0.0092075 0.0635 0)
(0.00936625 0.0635 0)
(0.009525 0.0635 0)
(0.00968375 0.0635 0)
(0.0098425 0.0635 0)
(0.01000125 0.0635 0)
(0.01016 0.0635 0)
(0.01031875 0.0635 0)
(0.0104775 0.0635 0)
(0.01063625 0.0635 0)
(0.010795 0.0635 0)
(0.01095375 0.0635 0)
(0.0111125 0.0635 0)
(0.01127125 0.0635 0)
(0.01143 0.0635 0)
(0.01158875 0.0635 0)
(0.0117475 0.0635 0)
(0.01190625 0.0635 0)
(0.012065 0.0635 0)
(0.01222375 0.0635 0)
(0.0123825 0.0635 0)
(0.01254125 0.0635 0)
(0.0127 0.0635 0)
(0.01285875 0.0635 0)
(0.0130175 0.0635 0)
(0.01317625 0.0635 0)
(0.013335 0.0635 0)
(0.01349375 0.0635 0)
(0.0136525 0.0635 0)
(0.01381125 0.0635 0)
(0.01397 0.0635 0)
(0.01412875 0.0635 0)
(0.0142875 0.0635 0)
(0.01444625 0.0635 0)
(0.014605 0.0635 0)
(0.01476375 0.0635 0)
(0.0149225 0.0635 0)
(0.01508125 0.0635 0)
(0.01524 0.0635 0)
(0.01539875 0.0635 0)
(0.0155575 0.0635 0)
(0.01571625 0.0635 0)
(0.015875 0.0635 0)
(0.01603375 0.0635 0)
(0.0161925 0.0635 0)
(0.01635125 0.0635 0)
(0.01651 0.0635 0)
(0.01666875 0.0635 0)
(0.0168275 0.0635 0)
(0.01698625 0.0635 0)
(0.017145 0.0635 0)
(0.01730375 0.0635 0)
(0.0174625 0.0635 0)
(0.01762125 0.0635 0)
(0.01778 0.0635 0)
(0.01793875 0.0635 0)
(0.0180975 0.0635 0)
(0.01825625 0.0635 0)
(0.018415 0.0635 0)
(0.01857375 0.0635 0)
(0.0187325 0.0635 0)
(0.01889125 0.0635 0)
(0.01905 0.0635 0)
(0.01920875 0.0635 0)
(0.0193675 0.0635 0)
(0.01952625 0.0635 0)
(0.019685 0.0635 0)
(0.01984375 0.0635 0)
(0.0200025 0.0635 0)
(0.02016125 0.0635 0)
(0.02032 0.0635 0)
(0.02047875 0.0635 0)
(0.0206375 0.0635 0)
(0.02079625 0.0635 0)
(0.020955 0.0635 0)
(0.02111375 0.0635 0)
(0.0212725 0.0635 0)
(0.02143125 0.0635 0)
(0.02159 0.0635 0)
(0.02174875 0.0635 0)
(0.0219075 0.0635 0)
(0.02206625 0.0635 0)
(0.022225 0.0635 0)
(0.02238375 0.0635 0)
(0.0225425 0.0635 0)
(0.02270125 0.0635 0)
(0.02286 0.0635 0)
(0.02301875 0.0635 0)
(0.0231775 0.0635 0)
(0.02333625 0.0635 0)
(0.023495 0.0635 0)
(0.02365375 0.0635 0)
(0.0238125 0.0635 0)
(0.02397125 0.0635 0)
(0.02413 0.0635 0)
(0.02428875 0.0635 0)
(0.0244475 0.0635 0)
(0.02460625 0.0635 0)
(0.024765 0.0635 0)
(0.02492375 0.0635 0)
(0.0250825 0.0635 0)
(0.02524125 0.0635 0)
(0.0254 0.0635 0)
(0.02555875 0.0635 0)
(0.0257175 0.0635 0)
(0.02587625 0.0635 0)
(0.026035 0.0635 0)
(0.02619375 0.0635 0)
(0.0263525 0.0635 0)
(0.02651125 0.0635 0)
(0.02667 0.0635 0)
(0.02682875 0.0635 0)
(0.0269875 0.0635 0)
(0.02714625 0.0635 0)
(0.027305 0.0635 0)
(0.02746375 0.0635 0)
(0.0276225 0.0635 0)
(0.02778125 0.0635 0)
(0.02794 0.0635 0)
(0.02809875 0.0635 0)
(0.0282575 0.0635 0)
(0.02841625 0.0635 0)
(0.028575 0.0635 0)
(0.02873375 0.0635 0)
(0.0288925 0.0635 0)
(0.02905125 0.0635 0)
(0.02921 0.0635 0)
(0.02936875 0.0635 0)
(0.0295275 0.0635 0)
(0.02968625 0.0635 0)
(0.029845 0.0635 0)
(0.03000375 0.0635 0)
(0.0301625 0.0635 0)
(0.03032125 0.0635 0)
(0.03048 0.0635 0)
(0.03063875 0.0635 0)
(0.0307975 0.0635 0)
(0.03095625 0.0635 0)
(0.031115 0.0635 0)
(0.03127375 0.0635 0)
(0.0314325 0.0635 0)
(0.03159125 0.0635 0)
(0.03175 0.0635 0)
(0.03190875 0.0635 0)
(0.0320675 0.0635 0)
(0.03222625 0.0635 0)
(0.032385 0.0635 0)
(0.03254375 0.0635 0)
(0.0327025 0.0635 0)
(0.03286125 0.0635 0)
(0.03302 0.0635 0)
(0.03317875 0.0635 0)
(0.0333375 0.0635 0)
(0.03349625 0.0635 0)
(0.033655 0.0635 0)
(0.03381375 0.0635 0)
(0.0339725 0.0635 0)
(0.03413125 0.0635 0)
(0.03429 0.0635 0)
(0.03444875 0.0635 0)
(0.0346075 0.0635 0)
(0.03476625 0.0635 0)
(0.034925 0.0635 0)
(0.03508375 0.0635 0)
(0.0352425 0.0635 0)
(0.03540125 0.0635 0)
(0.03556 0.0635 0)
(0.03571875 0.0635 0)
(0.0358775 0.0635 0)
(0.03603625 0.0635 0)
(0.036195 0.0635 0)
(0.03635375 0.0635 0)
(0.0365125 0.0635 0)
(0.03667125 0.0635 0)
(0.03683 0.0635 0)
(0.03698875 0.0635 0)
(0.0371475 0.0635 0)
(0.03730625 0.0635 0)
(0.037465 0.0635 0)
(0.03762375 0.0635 0)
(0.0377825 0.0635 0)
(0.03794125 0.0635 0)
(0.0381 0.0635 0)
(0.03825875 0.0635 0)
(0.0384175 0.0635 0)
(0.03857625 0.0635 0)
(0.038735 0.0635 0)
(0.03889375 0.0635 0)
(0.0390525 0.0635 0)
(0.03921125 0.0635 0)
(0.03937 0.0635 0)
(0.03952875 0.0635 0)
(0.0396875 0.0635 0)
(0.03984625 0.0635 0)
(0.040005 0.0635 0)
(0.04016375 0.0635 0)
(0.0403225 0.0635 0)
(0.04048125 0.0635 0)
(0.04064 0.0635 0)
(0.04079875 0.0635 0)
(0.0409575 0.0635 0)
(0.04111625 0.0635 0)
(0.041275 0.0635 0)
(0.04143375 0.0635 0)
(0.0415925 0.0635 0)
(0.04175125 0.0635 0)
(0.04191 0.0635 0)
(0.04206875 0.0635 0)
(0.0422275 0.0635 0)
(0.04238625 0.0635 0)
(0.042545 0.0635 0)
(0.04270375 0.0635 0)
(0.0428625 0.0635 0)
(0.04302125 0.0635 0)
(0.04318 0.0635 0)
(0.04333875 0.0635 0)
(0.0434975 0.0635 0)
(0.04365625 0.0635 0)
(0.043815 0.0635 0)
(0.04397375 0.0635 0)
(0.0441325 0.0635 0)
(0.04429125 0.0635 0)
(0.04445 0.0635 0)
(0.04460875 0.0635 0)
(0.0447675 0.0635 0)
(0.04492625 0.0635 0)
(0.045085 0.0635 0)
(0.04524375 0.0635 0)
(0.0454025 0.0635 0)
(0.04556125 0.0635 0)
(0.04572 0.0635 0)
(0.04587875 0.0635 0)
(0.0460375 0.0635 0)
(0.04619625 0.0635 0)
(0.046355 0.0635 0)
(0.04651375 0.0635 0)
(0.0466725 0.0635 0)
(0.04683125 0.0635 0)
(0.04699 0.0635 0)
(0.04714875 0.0635 0)
(0.0473075 0.0635 0)
(0.04746625 0.0635 0)
(0.047625 0.0635 0)
(0.04778375 0.0635 0)
(0.0479425 0.0635 0)
(0.04810125 0.0635 0)
(0.04826 0.0635 0)
(0.04841875 0.0635 0)
(0.0485775 0.0635 0)
(0.04873625 0.0635 0)
(0.048895 0.0635 0)
(0.04905375 0.0635 0)
(0.0492125 0.0635 0)
(0.04937125 0.0635 0)
(0.04953 0.0635 0)
(0.04968875 0.0635 0)
(0.0498475 0.0635 0)
(0.05000625 0.0635 0)
(0.050165 0.0635 0)
(0.05032375 0.0635 0)
(0.0504825 0.0635 0)
(0.05064125 0.0635 0)
(0.0508 0.0635 0)
(0.05095875 0.0635 0)
(0.0511175 0.0635 0)
(0.05127625 0.0635 0)
(0.051435 0.0635 0)
(0.05159375 0.0635 0)
(0.0517525 0.0635 0)
(0.05191125 0.0635 0)
(0.05207 0.0635 0)
(0.05222875 0.0635 0)
(0.0523875 0.0635 0)
(0.05254625 0.0635 0)
(0.052705 0.0635 0)
(0.05286375 0.0635 0)
(0.0530225 0.0635 0)
(0.05318125 0.0635 0)
(0.05334 0.0635 0)
(0.05349875 0.0635 0)
(0.0536575 0.0635 0)
(0.05381625 0.0635 0)
(0.053975 0.0635 0)
(0.05413375 0.0635 0)
(0.0542925 0.0635 0)
(0.05445125 0.0635 0)
(0.05461 0.0635 0)
(0.05476875 0.0635 0)
(0.0549275 0.0635 0)
(0.05508625 0.0635 0)
(0.055245 0.0635 0)
(0.05540375 0.0635 0)
(0.0555625 0.0635 0)
(0.05572125 0.0635 0)
(0.05588 0.0635 0)
(0.05603875 0.0635 0)
(0.0561975 0.0635 0)
(0.05635625 0.0635 0)
(0.056515 0.0635 0)
(0.05667375 0.0635 0)
(0.0568325 0.0635 0)
(0.05699125 0.0635 0)
(0.05715 0.0635 0)
(0.05730875 0.0635 0)
(0.0574675 0.0635 0)
(0.05762625 0.0635 0)
(0.057785 0.0635 0)
(0.05794375 0.0635 0)
(0.0581025 0.0635 0)
(0.05826125 0.0635 0)
(0.05842 0.0635 0)
(0.05857875 0.0635 0)
(0.0587375 0.0635 0)
(0.05889625 0.0635 0)
(0.059055 0.0635 0)
(0.05921375 0.0635 0)
(0.0593725 0.0635 0)
(0.05953125 0.0635 0)
(0.05969 0.0635 0)
(0.05984875 0.0635 0)
(0.0600075 0.0635 0)
(0.06016625 0.0635 0)
(0.060325 0.0635 0)
(0.06048375 0.0635 0)
(0.0606425 0.0635 0)
(0.06080125 0.0635 0)
(0.06096 0.0635 0)
(0.06111875 0.0635 0)
(0.0612775 0.0635 0)
(0.06143625 0.0635 0)
(0.061595 0.0635 0)
(0.06175375 0.0635 0)
(0.0619125 0.0635 0)
(0.06207125 0.0635 0)
(0.06223 0.0635 0)
(0.06238875 0.0635 0)
(0.0625475 0.0635 0)
(0.06270625 0.0635 0)
(0.062865 0.0635 0)
(0.06302375 0.0635 0)
(0.0631825 0.0635 0)
(0.06334125 0.0635 0)
(0.0635 0.0635 0)
(0 0 0.0635)
(0.00015875 0 0.0635)
(0.0003175 0 0.0635)
(0.00047625 0 0.0635)
(0.000635 0 0.0635)
(0.00079375 0 0.0635)
(0.0009525 0 0.0635)
(0.00111125 0 0.0635)
(0.00127 0 0.0635)
(0.00142875 0 0.0635)
(0.0015875 0 0.0635)
(0.00174625 0 0.0635)
(0.001905 0 0.0635)
(0.00206375 0 0.0635)
(0.0022225 0 0.0635)
(0.00238125 0 0.0635)
(0.00254 0 0.0635)
(0.00269875 0 0.0635)
(0.0028575 0 0.0635)
(0.00301625 0 0.0635)
(0.003175 0 0.0635)
(0.00333375 0 0.0635)
(0.0034925 0 0.0635)
(0.00365125 0 0.0635)
(0.00381 0 0.0635)
(0.00396875 0 0.0635)
(0.0041275 0 0.0635)
(0.00428625 0 0.0635)
(0.004445 0 0.0635)
(0.00460375 0 0.0635)
(0.0047625 0 0.0635)
(0.00492125 0 0.0635)
(0.00508 0 0.0635)
(0.00523875 0 0.0635)
(0.0053975 0 0.0635)
(0.00555625 0 0.0635)
(0.005715 0 0.0635)
(0.00587375 0 0.0635)
(0.0060325 0 0.0635)
(0.00619125 0 0.0635)
(0.00635 0 0.0635)
(0.00650875 0 0.0635)
(0.0066675 0 0.0635)
(0.00682625 0 0.0635)
(0.006985 0 0.0635)
(0.00714375 0 0.0635)
(0.0073025 0 0.0635)
(0.00746125 0 0.0635)
(0.00762 0 0.0635)
(0.00777875 0 0.0635)
(0.0079375 0 0.0635)
(0.00809625 0 0.0635)
(0.008255 0 0.0635)
(0.00841375 0 0.0635)
(0.0085725 0 0.0635)
(0.00873125 0 0.0635)
(0.00889 0 0.0635)
(0.00904875 0 0.0635)
(0.0092075 0 0.0635)
(0.00936625 0 0.0635)
(0.009525 0 0.0635)
(0.00968375 0 0.0635)
(0.0098425 0 0.0635)
(0.01000125 0 0.0635)
(0.01016 0 0.0635)
(0.01031875 0 0.0635)
(0.0104775 0 0.0635)
(0.01063625 0 0.0635)
(0.010795 0 0.0635)
(0.01095375 0 0.0635)
(0.0111125 0 0.0635)
(0.01127125 0 0.0635)
(0.01143 0 0.0635)
(0.01158875 0 0.0635)
(0.0117475 0 0.0635)
(0.01190625 0 0.0635)
(0.012065 0 0.0635)
(0.01222375 0 0.0635)
(0.0123825 0 0.0635)
(0.01254125 0 0.0635)
(0.0127 0 0.0635)
(0.01285875 0 0.0635)
(0.0130175 0 0.0635)
(0.01317625 0 0.0635)
(0.013335 0 0.0635)
(0.01349375 0 0.0635)
(0.0136525 0 0.0635)
(0.01381125 0 0.0635)
(0.01397 0 0.0635)
(0.01412875 0 0.0635)
(0.0142875 0 0.0635)
(0.01444625 0 0.0635)
(0.014605 0 0.0635)
(0.01476375 0 0.0635)
(0.0149225 0 0.0635)
(0.01508125 0 0.0635)
(0.01524 0 0.0635)
(0.01539875 0 0.0635)
(0.0155575 0 0.0635)
(0.01571625 0 0.0635)
(0.015875 0 0.0635)
(0.01603375 0 0.0635)
(0.0161925 0 0.0635)
(0.01635125 0 0.0635)
(0.01651 0 0.0635)
(0.01666875 0 0.0635)
(0.0168275 0 0.0635)
(0.01698625 0 0.0635)
(0.017145 0 0.0635)
(0.01730375 0 0.0635)
(0.0174625 0 0.0635)
(0.01762125 0 0.0635)
(0.01778 0 0.0635)
(0.01793875 0 0.0635)
(0.0180975 0 0.0635)
(0.01825625 0 0.0635)
(0.018415 0 0.0635)
(0.01857375 0 0.0635)
(0.0187325 0 0.0635)
(0.01889125 0 0.0635)
(0.01905 0 0.0635)
(0.01920875 0 0.0635)
(0.0193675 0 0.0635)
(0.01952625 0 0.0635)
(0.019685 0 0.0635)
(0.01984375 0 0.0635)
(0.0200025 0 0.0635)
(0.02016125 0 0.0635)
(0.02032 0 0.0635)
(0.02047875 0 0.0635)
(0.0206375 0 0.0635)
(0.02079625 0 0.0635)
(0.020955 0 0.0635)
(0.02111375 0 0.0635)
(0.0212725 0 0.0635)
(0.02143125 0 0.0635)
(0.02159 0 0.0635)
(0.02174875 0 0.0635)
(0.0219075 0 0.0635)
(0.02206625 0 0.0635)
(0.022225 0 0.0635)
(0.02238375 0 0.0635)
(0.0225425 0 0.0635)
(0.02270125 0 0.0635)
(0.02286 0 0.0635)
(0.02301875 0 0.0635)
(0.0231775 0 0.0635)
(0.02333625 0 0.0635)
(0.023495 0 0.0635)
(0.02365375 0 0.0635)
(0.0238125 0 0.0635)
(0.02397125 0 0.0635)
(0.02413 0 0.0635)
(0.02428875 0 0.0635)
(0.0244475 0 0.0635)
(0.02460625 0 0.0635)
(0.024765 0 0.0635)
(0.02492375 0 0.0635)
(0.0250825 0 0.0635)
(0.02524125 0 0.0635)
(0.0254 0 0.0635)
(0.02555875 0 0.0635)
(0.0257175 0 0.0635)
(0.02587625 0 0.0635)
(0.026035 0 0.0635)
(0.02619375 0 0.0635)
(0.0263525 0 0.0635)
(0.02651125 0 0.0635)
(0.02667 0 0.0635)
(0.02682875 0 0.0635)
(0.0269875 0 0.0635)
(0.02714625 0 0.0635)
(0.027305 0 0.0635)
(0.02746375 0 0.0635)
(0.0276225 0 0.0635)
(0.02778125 0 0.0635)
(0.02794 0 0.0635)
(0.02809875 0 0.0635)
(0.0282575 0 0.0635)
(0.02841625 0 0.0635)
(0.028575 0 0.0635)
(0.02873375 0 0.0635)
(0.0288925 0 0.0635)
(0.02905125 0 0.0635)
(0.02921 0 0.0635)
(0.02936875 0 0.0635)
(0.0295275 0 0.0635)
(0.02968625 0 0.0635)
(0.029845 0 0.0635)
(0.03000375 0 0.0635)
(0.0301625 0 0.0635)
(0.03032125 0 0.0635)
(0.03048 0 0.0635)
(0.03063875 0 0.0635)
(0.0307975 0 0.0635)
(0.03095625 0 0.0635)
(0.031115 0 0.0635)
(0.03127375 0 0.0635)
(0.0314325 0 0.0635)
(0.03159125 0 0.0635)
(0.03175 0 0.0635)
(0.03190875 0 0.0635)
(0.0320675 0 0.0635)
(0.03222625 0 0.0635)
(0.032385 0 0.0635)
(0.03254375 0 0.0635)
(0.0327025 0 0.0635)
(0.03286125 0 0.0635)
(0.03302 0 0.0635)
(0.03317875 0 0.0635)
(0.0333375 0 0.0635)
(0.03349625 0 0.0635)
(0.033655 0 0.0635)
(0.03381375 0 0.0635)
(0.0339725 0 0.0635)
(0.03413125 0 0.0635)
(0.03429 0 0.0635)
(0.03444875 0 0.0635)
(0.0346075 0 0.0635)
(0.03476625 0 0.0635)
(0.034925 0 0.0635)
(0.03508375 0 0.0635)
(0.0352425 0 0.0635)
(0.03540125 0 0.0635)
(0.03556 0 0.0635)
(0.03571875 0 0.0635)
(0.0358775 0 0.0635)
(0.03603625 0 0.0635)
(0.036195 0 0.0635)
(0.03635375 0 0.0635)
(0.0365125 0 0.0635)
(0.03667125 0 0.0635)
(0.03683 0 0.0635)
(0.03698875 0 0.0635)
(0.0371475 0 0.0635)
(0.03730625 0 0.0635)
(0.037465 0 0.0635)
(0.03762375 0 0.0635)
(0.0377825 0 0.0635)
(0.03794125 0 0.0635)
(0.0381 0 0.0635)
(0.03825875 0 0.0635)
(0.0384175 0 0.0635)
(0.03857625 0 0.0635)
(0.038735 0 0.0635)
(0.03889375 0 0.0635)
(0.0390525 0 0.0635)
(0.03921125 0 0.0635)
(0.03937 0 0.0635)
(0.03952875 0 0.0635)
(0.0396875 0 0.0635)
(0.03984625 0 0.0635)
(0.040005 0 0.0635)
(0.04016375 0 0.0635)
(0.0403225 0 0.0635)
(0.04048125 0 0.0635)
(0.04064 0 0.0635)
(0.04079875 0 0.0635)
(0.0409575 0 0.0635)
(0.04111625 0 0.0635)
(0.041275 0 0.0635)
(0.04143375 0 0.0635)
(0.0415925 0 0.0635)
(0.04175125 0 0.0635)
(0.04191 0 0.0635)
(0.04206875 0 0.0635)
(0.0422275 0 0.0635)
(0.04238625 0 0.0635)
(0.042545 0 0.0635)
(0.04270375 0 0.0635)
(0.0428625 0 0.0635)
(0.04302125 0 0.0635)
(0.04318 0 0.0635)
(0.04333875 0 0.0635)
(0.0434975 0 0.0635)
(0.04365625 0 0.0635)
(0.043815 0 0.0635)
(0.04397375 0 0.0635)
(0.0441325 0 0.0635)
(0.04429125 0 0.0635)
(0.04445 0 0.0635)
(0.04460875 0 0.0635)
(0.0447675 0 0.0635)
(0.04492625 0 0.0635)
(0.045085 0 0.0635)
(0.04524375 0 0.0635)
(0.0454025 0 0.0635)
(0.04556125 0 0.0635)
(0.04572 0 0.0635)
(0.04587875 0 0.0635)
(0.0460375 0 0.0635)
(0.04619625 0 0.0635)
(0.046355 0 0.0635)
(0.04651375 0 0.0635)
(0.0466725 0 0.0635)
(0.04683125 0 0.0635)
(0.04699 0 0.0635)
(0.04714875 0 0.0635)
(0.0473075 0 0.0635)
(0.04746625 0 0.0635)
(0.047625 0 0.0635)
(0.04778375 0 0.0635)
(0.0479425 0 0.0635)
(0.04810125 0 0.0635)
(0.04826 0 0.0635)
(0.04841875 0 0.0635)
(0.0485775 0 0.0635)
(0.04873625 0 0.0635)
(0.048895 0 0.0635)
(0.04905375 0 0.0635)
(0.0492125 0 0.0635)
(0.04937125 0 0.0635)
(0.04953 0 0.0635)
(0.04968875 0 0.0635)
(0.0498475 0 0.0635)
(0.05000625 0 0.0635)
(0.050165 0 0.0635)
(0.05032375 0 0.0635)
(0.0504825 0 0.0635)
(0.05064125 0 0.0635)
(0.0508 0 0.0635)
(0.05095875 0 0.0635)
(0.0511175 0 0.0635)
(0.05127625 0 0.0635)
(0.051435 0 0.0635)
(0.05159375 0 0.0635)
(0.0517525 0 0.0635)
(0.05191125 0 0.0635)
(0.05207 0 0.0635)
(0.05222875 0 0.0635)
(0.0523875 0 0.0635)
(0.05254625 0 0.0635)
(0.052705 0 0.0635)
(0.05286375 0 0.0635)
(0.0530225 0 0.0635)
(0.05318125 0 0.0635)
(0.05334 0 0.0635)
(0.05349875 0 0.0635)
(0.0536575 0 0.0635)
(0.05381625 0 0.0635)
(0.053975 0 0.0635)
(0.05413375 0 0.0635)
(0.0542925 0 0.0635)
(0.05445125 0 0.0635)
(0.05461 0 0.0635)
(0.05476875 0 0.0635)
(0.0549275 0 0.0635)
(0.05508625 0 0.0635)
(0.055245 0 0.0635)
(0.05540375 0 0.0635)
(0.0555625 0 0.0635)
(0.05572125 0 0.0635)
(0.05588 0 0.0635)
(0.05603875 0 0.0635)
(0.0561975 0 0.0635)
(0.05635625 0 0.0635)
(0.056515 0 0.0635)
(0.05667375 0 0.0635)
(0.0568325 0 0.0635)
(0.05699125 0 0.0635)
(0.05715 0 0.0635)
(0.05730875 0 0.0635)
(0.0574675 0 0.0635)
(0.05762625 0 0.0635)
(0.057785 0 0.0635)
(0.05794375 0 0.0635)
(0.0581025 0 0.0635)
(0.05826125 0 0.0635)
(0.05842 0 0.0635)
(0.05857875 0 0.0635)
(0.0587375 0 0.0635)
(0.05889625 0 0.0635)
(0.059055 0 0.0635)
(0.05921375 0 0.0635)
(0.0593725 0 0.0635)
(0.05953125 0 0.0635)
(0.05969 0 0.0635)
(0.05984875 0 0.0635)
(0.0600075 0 0.0635)
(0.06016625 0 0.0635)
(0.060325 0 0.0635)
(0.06048375 0 0.0635)
(0.0606425 0 0.0635)
(0.06080125 0 0.0635)
(0.06096 0 0.0635)
(0.06111875 0 0.0635)
(0.0612775 0 0.0635)
(0.06143625 0 0.0635)
(0.061595 0 0.0635)
(0.06175375 0 0.0635)
(0.0619125 0 0.0635)
(0.06207125 0 0.0635)
(0.06223 0 0.0635)
(0.06238875 0 0.0635)
(0.0625475 0 0.0635)
(0.06270625 0 0.0635)
(0.062865 0 0.0635)
(0.06302375 0 0.0635)
(0.0631825 0 0.0635)
(0.06334125 0 0.0635)
(0.0635 0 0.0635)
(0 0.0635 0.0635)
(0.00015875 0.0635 0.0635)
(0.0003175 0.0635 0.0635)
(0.00047625 0.0635 0.0635)
(0.000635 0.0635 0.0635)
(0.00079375 0.0635 0.0635)
(0.0009525 0.0635 0.0635)
(0.00111125 0.0635 0.0635)
(0.00127 0.0635 0.0635)
(0.00142875 0.0635 0.0635)
(0.0015875 0.0635 0.0635)
(0.00174625 0.0635 0.0635)
(0.001905 0.0635 0.0635)
(0.00206375 0.0635 0.0635)
(0.0022225 0.0635 0.0635)
(0.00238125 0.0635 0.0635)
(0.00254 0.0635 0.0635)
(0.00269875 0.0635 0.0635)
(0.0028575 0.0635 0.0635)
(0.00301625 0.0635 0.0635)
(0.003175 0.0635 0.0635)
(0.00333375 0.0635 0.0635)
(0.0034925 0.0635 0.0635)
(0.00365125 0.0635 0.0635)
(0.00381 0.0635 0.0635)
(0.00396875 0.0635 0.0635)
(0.0041275 0.0635 0.0635)
(0.00428625 0.0635 0.0635)
(0.004445 0.0635 0.0635)
(0.00460375 0.0635 0.0635)
(0.0047625 0.0635 0.0635)
(0.00492125 0.0635 0.0635)
(0.00508 0.0635 0.0635)
(0.00523875 0.0635 0.0635)
(0.0053975 0.0635 0.0635)
(0.00555625 0.0635 0.0635)
(0.005715 0.0635 0.0635)
(0.00587375 0.0635 0.0635)
(0.0060325 0.0635 0.0635)
(0.00619125 0.0635 0.0635)
(0.00635 0.0635 0.0635)
(0.00650875 0.0635 0.0635)
(0.0066675 0.0635 0.0635)
(0.00682625 0.0635 0.0635)
(0.006985 0.0635 0.0635)
(0.00714375 0.0635 0.0635)
(0.0073025 0.0635 0.0635)
(0.00746125 0.0635 0.0635)
(0.00762 0.0635 0.0635)
(0.00777875 0.0635 0.0635)
(0.0079375 0.0635 0.0635)
(0.00809625 0.0635 0.0635)
(0.008255 0.0635 0.0635)
(0.00841375 0.0635 0.0635)
(0.0085725 0.0635 0.0635)
(0.00873125 0.0635 0.0635)
(0.00889 0.0635 0.0635)
(0.00904875 0.0635 0.0635)
(0.0092075 0.0635 0.0635)
(0.00936625 0.0635 0.0635)
(0.009525 0.0635 0.0635)
(0.00968375 0.0635 0.0635)
(0.0098425 0.0635 0.0635)
(0.01000125 0.0635 0.0635)
(0.01016 0.0635 0.0635)
(0.01031875 0.0635 0.0635)
(0.0104775 0.0635 0.0635)
(0.01063625 0.0635 0.0635)
(0.010795 0.0635 0.0635)
(0.01095375 0.0635 0.0635)
(0.0111125 0.0635 0.0635)
(0.01127125 0.0635 0.0635)
(0.01143 0.0635 0.0635)
(0.01158875 0.0635 0.0635)
(0.0117475 0.0635 0.0635)
(0.01190625 0.0635 0.0635)
(0.012065 0.0635 0.0635)
(0.01222375 0.0635 0.0635)
(0.0123825 0.0635 0.0635)
(0.01254125 0.0635 0.0635)
(0.0127 0.0635 0.0635)
(0.01285875 0.0635 0.0635)
(0.0130175 0.0635 0.0635)
(0.01317625 0.0635 0.0635)
(0.013335 0.0635 0.0635)
(0.01349375 0.0635 0.0635)
(0.0136525 0.0635 0.0635)
(0.01381125 0.0635 0.0635)
(0.01397 0.0635 0.0635)
(0.01412875 0.0635 0.0635)
(0.0142875 0.0635 0.0635)
(0.01444625 0.0635 0.0635)
(0.014605 0.0635 0.0635)
(0.01476375 0.0635 0.0635)
(0.0149225 0.0635 0.0635)
(0.01508125 0.0635 0.0635)
(0.01524 0.0635 0.0635)
(0.01539875 0.0635 0.0635)
(0.0155575 0.0635 0.0635)
(0.01571625 0.0635 0.0635)
(0.015875 0.0635 0.0635)
(0.01603375 0.0635 0.0635)
(0.0161925 0.0635 0.0635)
(0.01635125 0.0635 0.0635)
(0.01651 0.0635 0.0635)
(0.01666875 0.0635 0.0635)
(0.0168275 0.0635 0.0635)
(0.01698625 0.0635 0.0635)
(0.017145 0.0635 0.0635)
(0.01730375 0.0635 0.0635)
(0.0174625 0.0635 0.0635)
(0.01762125 0.0635 0.0635)
(0.01778 0.0635 0.0635)
(0.01793875 0.0635 0.0635)
(0.0180975 0.0635 0.0635)
(0.01825625 0.0635 0.0635)
(0.018415 0.0635 0.0635)
(0.01857375 0.0635 0.0635)
(0.0187325 0.0635 0.0635)
(0.01889125 0.0635 0.0635)
(0.01905 0.0635 0.0635)
(0.01920875 0.0635 0.0635)
(0.0193675 0.0635 0.0635)
(0.01952625 0.0635 0.0635)
(0.019685 0.0635 0.0635)
(0.01984375 0.0635 0.0635)
(0.0200025 0.0635 0.0635)
(0.02016125 0.0635 0.0635)
(0.02032 0.0635 0.0635)
(0.02047875 0.0635 0.0635)
(0.0206375 0.0635 0.0635)
(0.02079625 0.0635 0.0635)
(0.020955 0.0635 0.0635)
(0.02111375 0.0635 0.0635)
(0.0212725 0.0635 0.0635)
(0.02143125 0.0635 0.0635)
(0.02159 0.0635 0.0635)
(0.02174875 0.0635 0.0635)
(0.0219075 0.0635 0.0635)
(0.02206625 0.0635 0.0635)
(0.022225 0.0635 0.0635)
(0.02238375 0.0635 0.0635)
(0.0225425 0.0635 0.0635)
(0.02270125 0.0635 0.0635)
(0.02286 0.0635 0.0635)
(0.02301875 0.0635 0.0635)
(0.0231775 0.0635 0.0635)
(0.02333625 0.0635 0.0635)
(0.023495 0.0635 0.0635)
(0.02365375 0.0635 0.0635)
(0.0238125 0.0635 0.0635)
(0.02397125 0.0635 0.0635)
(0.02413 0.0635 0.0635)
(0.02428875 0.0635 0.0635)
(0.0244475 0.0635 0.0635)
(0.02460625 0.0635 0.0635)
(0.024765 0.0635 0.0635)
(0.02492375 0.0635 0.0635)
(0.0250825 0.0635 0.0635)
(0.02524125 0.0635 0.0635)
(0.0254 0.0635 0.0635)
(0.02555875 0.0635 0.0635)
(0.0257175 0.0635 0.0635)
(0.02587625 0.0635 0.0635)
(0.026035 0.0635 0.0635)
(0.02619375 0.0635 0.0635)
(0.0263525 0.0635 0.0635)
(0.02651125 0.0635 0.0635)
(0.02667 0.0635 0.0635)
(0.02682875 0.0635 0.0635)
(0.0269875 0.0635 0.0635)
(0.02714625 0.0635 0.0635)
(0.027305 0.0635 0.0635)
(0.02746375 0.0635 0.0635)
(0.0276225 0.0635 0.0635)
(0.02778125 0.0635 0.0635)
(0.02794 0.0635 0.0635)
(0.02809875 0.0635 0.0635)
(0.0282575 0.0635 0.0635)
(0.02841625 0.0635 0.0635)
(0.028575 0.0635 0.0635)
(0.02873375 0.0635 0.0635)
(0.0288925 0.0635 0.0635)
(0.02905125 0.0635 0.0635)
(0.02921 0.0635 0.0635)
(0.02936875 0.0635 0.0635)
(0.0295275 0.0635 0.0635)
(0.02968625 0.0635 0.0635)
(0.029845 0.0635 0.0635)
(0.03000375 0.0635 0.0635)
(0.0301625 0.0635 0.0635)
(0.03032125 0.0635 0.0635)
(0.03048 0.0635 0.0635)
(0.03063875 0.0635 0.0635)
(0.0307975 0.0635 0.0635)
(0.03095625 0.0635 0.0635)
(0.031115 0.0635 0.0635)
(0.03127375 0.0635 0.0635)
(0.0314325 0.0635 0.0635)
(0.03159125 0.0635 0.0635)
(0.03175 0.0635 0.0635)
(0.03190875 0.0635 0.0635)
(0.0320675 0.0635 0.0635)
(0.03222625 0.0635 0.0635)
(0.032385 0.0635 0.0635)
(0.03254375 0.0635 0.0635)
(0.0327025 0.0635 0.0635)
(0.03286125 0.0635 0.0635)
(0.03302 0.0635 0.0635)
(0.03317875 0.0635 0.0635)
(0.0333375 0.0635 0.0635)
(0.03349625 0.0635 0.0635)
(0.033655 0.0635 0.0635)
(0.03381375 0.0635 0.0635)
(0.0339725 0.0635 0.0635)
(0.03413125 0.0635 0.0635)
(0.03429 0.0635 0.0635)
(0.03444875 0.0635 0.0635)
(0.0346075 0.0635 0.0635)
(0.03476625 0.0635 0.0635)
(0.034925 0.0635 0.0635)
(0.03508375 0.0635 0.0635)
(0.0352425 0.0635 0.0635)
(0.03540125 0.0635 0.0635)
(0.03556 0.0635 0.0635)
(0.03571875 0.0635 0.0635)
(0.0358775 0.0635 0.0635)
(0.03603625 0.0635 0.0635)
(0.036195 0.0635 0.0635)
(0.03635375 0.0635 0.0635)
(0.0365125 0.0635 0.0635)
(0.03667125 0.0635 0.0635)
(0.03683 0.0635 0.0635)
(0.03698875 0.0635 0.0635)
(0.0371475 0.0635 0.0635)
(0.03730625 0.0635 0.0635)
(0.037465 0.0635 0.0635)
(0.03762375 0.0635 0.0635)
(0.0377825 0.0635 0.0635)
(0.03794125 0.0635 0.0635)
(0.0381 0.0635 0.0635)
(0.03825875 0.0635 0.0635)
(0.0384175 0.0635 0.0635)
(0.03857625 0.0635 0.0635)
(0.038735 0.0635 0.0635)
(0.03889375 0.0635 0.0635)
(0.0390525 0.0635 0.0635)
(0.03921125 0.0635 0.0635)
(0.03937 0.0635 0.0635)
(0.03952875 0.0635 0.0635)
(0.0396875 0.0635 0.0635)
(0.03984625 0.0635 0.0635)
(0.040005 0.0635 0.0635)
(0.04016375 0.0635 0.0635)
(0.0403225 0.0635 0.0635)
(0.04048125 0.0635 0.0635)
(0.04064 0.0635 0.0635)
(0.04079875 0.0635 0.0635)
(0.0409575 0.0635 0.0635)
(0.04111625 0.0635 0.0635)
(0.041275 0.0635 0.0635)
(0.04143375 0.0635 0.0635)
(0.0415925 0.0635 0.0635)
(0.04175125 0.0635 0.0635)
(0.04191 0.0635 0.0635)
(0.04206875 0.0635 0.0635)
(0.0422275 0.0635 0.0635)
(0.04238625 0.0635 0.0635)
(0.042545 0.0635 0.0635)
(0.04270375 0.0635 0.0635)
(0.0428625 0.0635 0.0635)
(0.04302125 0.0635 0.0635)
(0.04318 0.0635 0.0635)
(0.04333875 0.0635 0.0635)
(0.0434975 0.0635 0.0635)
(0.04365625 0.0635 0.0635)
(0.043815 0.0635 0.0635)
(0.04397375 0.0635 0.0635)
(0.0441325 0.0635 0.0635)
(0.04429125 0.0635 0.0635)
(0.04445 0.0635 0.0635)
(0.04460875 0.0635 0.0635)
(0.0447675 0.0635 0.0635)
(0.04492625 0.0635 0.0635)
(0.045085 0.0635 0.0635)
(0.04524375 0.0635 0.0635)
(0.0454025 0.0635 0.0635)
(0.04556125 0.0635 0.0635)
(0.04572 0.0635 0.0635)
(0.04587875 0.0635 0.0635)
(0.0460375 0.0635 0.0635)
(0.04619625 0.0635 0.0635)
(0.046355 0.0635 0.0635)
(0.04651375 0.0635 0.0635)
(0.0466725 0.0635 0.0635)
(0.04683125 0.0635 0.0635)
(0.04699 0.0635 0.0635)
(0.04714875 0.0635 0.0635)
(0.0473075 0.0635 0.0635)
(0.04746625 0.0635 0.0635)
(0.047625 0.0635 0.0635)
(0.04778375 0.0635 0.0635)
(0.0479425 0.0635 0.0635)
(0.04810125 0.0635 0.0635)
(0.04826 0.0635 0.0635)
(0.04841875 0.0635 0.0635)
(0.0485775 0.0635 0.0635)
(0.04873625 0.0635 0.0635)
(0.048895 0.0635 0.0635)
(0.04905375 0.0635 0.0635)
(0.0492125 0.0635 0.0635)
(0.04937125 0.0635 0.0635)
(0.04953 0.0635 0.0635)
(0.04968875 0.0635 0.0635)
(0.0498475 0.0635 0.0635)
(0.05000625 0.0635 0.0635)
(0.050165 0.0635 0.0635)
(0.05032375 0.0635 0.0635)
(0.0504825 0.0635 0.0635)
(0.05064125 0.0635 0.0635)
(0.0508 0.0635 0.0635)
(0.05095875 0.0635 0.0635)
(0.0511175 0.0635 0.0635)
(0.05127625 0.0635 0.0635)
(0.051435 0.0635 0.0635)
(0.05159375 0.0635 0.0635)
(0.0517525 0.0635 0.0635)
(0.05191125 0.0635 0.0635)
(0.05207 0.0635 0.0635)
(0.05222875 0.0635 0.0635)
(0.0523875 0.0635 0.0635)
(0.05254625 0.0635 0.0635)
(0.052705 0.0635 0.0635)
(0.05286375 0.0635 0.0635)
(0.0530225 0.0635 0.0635)
(0.05318125 0.0635 0.0635)
(0.05334 0.0635 0.0635)
(0.05349875 0.0635 0.0635)
(0.0536575 0.0635 0.0635)
(0.05381625 0.0635 0.0635)
(0.053975 0.0635 0.0635)
(0.05413375 0.0635 0.0635)
(0.0542925 0.0635 0.0635)
(0.05445125 0.0635 0.0635)
(0.05461 0.0635 0.0635)
(0.05476875 0.0635 0.0635)
(0.0549275 0.0635 0.0635)
(0.05508625 0.0635 0.0635)
(0.055245 0.0635 0.0635)
(0.05540375 0.0635 0.0635)
(0.0555625 0.0635 0.0635)
(0.05572125 0.0635 0.0635)
(0.05588 0.0635 0.0635)
(0.05603875 0.0635 0.0635)
(0.0561975 0.0635 0.0635)
(0.05635625 0.0635 0.0635)
(0.056515 0.0635 0.0635)
(0.05667375 0.0635 0.0635)
(0.0568325 0.0635 0.0635)
(0.05699125 0.0635 0.0635)
(0.05715 0.0635 0.0635)
(0.05730875 0.0635 0.0635)
(0.0574675 0.0635 0.0635)
(0.05762625 0.0635 0.0635)
(0.057785 0.0635 0.0635)
(0.05794375 0.0635 0.0635)
(0.0581025 0.0635 0.0635)
(0.05826125 0.0635 0.0635)
(0.05842 0.0635 0.0635)
(0.05857875 0.0635 0.0635)
(0.0587375 0.0635 0.0635)
(0.05889625 0.0635 0.0635)
(0.059055 0.0635 0.0635)
(0.05921375 0.0635 0.0635)
(0.0593725 0.0635 0.0635)
(0.05953125 0.0635 0.0635)
(0.05969 0.0635 0.0635)
(0.05984875 0.0635 0.0635)
(0.0600075 0.0635 0.0635)
(0.06016625 0.0635 0.0635)
(0.060325 0.0635 0.0635)
(0.06048375 0.0635 0.0635)
(0.0606425 0.0635 0.0635)
(0.06080125 0.0635 0.0635)
(0.06096 0.0635 0.0635)
(0.06111875 0.0635 0.0635)
(0.0612775 0.0635 0.0635)
(0.06143625 0.0635 0.0635)
(0.061595 0.0635 0.0635)
(0.06175375 0.0635 0.0635)
(0.0619125 0.0635 0.0635)
(0.06207125 0.0635 0.0635)
(0.06223 0.0635 0.0635)
(0.06238875 0.0635 0.0635)
(0.0625475 0.0635 0.0635)
(0.06270625 0.0635 0.0635)
(0.062865 0.0635 0.0635)
(0.06302375 0.0635 0.0635)
(0.0631825 0.0635 0.0635)
(0.06334125 0.0635 0.0635)
(0.0635 0.0635 0.0635)
)


// ************************************************************************* //
