0	3.29101375789208E+021
0.121343780193424	3.25101375789208E+021
0.621343780193424	3.21739634434017E+021
0.932015670290136	3.21668176507853E+021
1.3980235054352	3.21560989618608E+021
2.09703525815281	3.2140020928474E+021
3.14555288722921	3.21159038783938E+021
4.71832933084382	3.20797283032735E+021
7.07749399626572	3.2025464940593E+021
10.6162409943986	3.19440698965724E+021
15.9243614915979	3.18219773305413E+021
23.8865422373968	3.16388384814948E+021
35.8298133560952	3.13641302079249E+021
53.7447200341428	3.09520677975702E+021
80.6170800512142	3.03339741820381E+021
120.925620076821	2.94068337587399E+021
181.388430115232	2.80161231237927E+021
186.403134058027	2.79006320432765E+021
242.324074275435	2.62915620245031E+021
315.021296558066	2.41367927380849E+021
409.527685525486	2.18069814918726E+021
532.385991183132	1.95032743023644E+021
692.101788538071	1.73287494657504E+021
899.732325099493	1.53304171072366E+021
1169.65202262934	1.35238300109974E+021
1520.54762941814	1.1907434892934E+021
1976.71191824359	1.04708789131375E+021
2569.72549371666	9.19976219624031E+020
3340.64314183166	8.0783073852439E+020
4342.83608438116	7.09081420087646E+020
5645.6869096955	6.22241044422453E+020
7339.39298260416	5.45940017830189E+020
9541.2108773854	4.78938538081723E+020
12403.574140601	4.20126392907056E+020
16124.6463827813	3.68516350617703E+020
20962.0402976157	3.23234557002377E+020
27250.6523869005	2.83509860600796E+020
35425.8481029706	2.48663117659239E+020
46053.6025338618	2.18097023381878E+020
59869.6832940203	1.91286726736348E+020
77830.5882822264	1.67771322991983E+020
101179.764766894	1.47146228808432E+020