0.0000	0.1640E+26
0.1056	0.1578E+26
0.1115	0.1517E+26
0.1177	0.1459E+26
0.1243	0.1404E+26
0.1312	0.1350E+26
0.1386	0.1299E+26
0.1463	0.1249E+26
0.1545	0.1202E+26
0.1631	0.1156E+26
0.1722	0.1111E+26
0.1819	0.1069E+26
0.1920	0.1028E+26
0.2028	0.9878E+25
0.2141	0.9495E+25
0.2260	0.9126E+25
0.2387	0.8769E+25
0.2520	0.8425E+25
0.2661	0.8094E+25
0.2810	0.7774E+25
0.2967	0.7466E+25
0.3132	0.7169E+25
0.3307	0.6884E+25
0.3492	0.6609E+25
0.3687	0.6345E+25
0.3893	0.6092E+25
0.4111	0.5848E+25
0.4341	0.5614E+25
0.4583	0.5389E+25
0.4839	0.5174E+25
0.5110	0.4967E+25
0.5395	0.4769E+25
0.5697	0.4579E+25
0.6015	0.4396E+25
0.6351	0.4221E+25
0.6706	0.4053E+25
0.7081	0.3892E+25
0.7476	0.3737E+25
0.7894	0.3589E+25
0.8335	0.3447E+25
0.8801	0.3310E+25
0.9292	0.3179E+25
0.9812	0.3053E+25
1.036	0.2932E+25
1.094	0.2815E+25
1.155	0.2703E+25
1.220	0.2596E+25
1.288	0.2493E+25
1.360	0.2393E+25
1.436	0.2297E+25
1.516	0.2205E+25
1.601	0.2117E+25
1.690	0.2032E+25
1.784	0.1949E+25
1.884	0.1870E+25
1.989	0.1794E+25
2.101	0.1721E+25
2.218	0.1650E+25
2.342	0.1583E+25
2.473	0.1518E+25
2.611	0.1455E+25
2.757	0.1396E+25
2.911	0.1339E+25
3.073	0.1286E+25
3.245	0.1236E+25
3.426	0.1191E+25
3.618	0.1152E+25
3.820	0.1117E+25
4.033	0.1089E+25
4.259	0.1067E+25
4.497	0.1051E+25
4.748	0.1040E+25
5.013	0.1033E+25
5.293	0.1030E+25
5.589	0.1029E+25
5.902	0.1031E+25
6.231	0.1033E+25
6.580	0.1037E+25
6.947	0.1040E+25
7.335	0.1044E+25
7.745	0.1047E+25
8.178	0.1049E+25
8.635	0.1051E+25
9.117	0.1053E+25
9.627	0.1053E+25
10.16	0.1053E+25
10.73	0.1052E+25
11.33	0.1051E+25
11.97	0.1048E+25
12.63	0.1046E+25
13.34	0.1042E+25
14.09	0.1038E+25
14.87	0.1034E+25
15.70	0.1029E+25
16.58	0.1023E+25
17.51	0.1017E+25
18.49	0.1011E+25
19.52	0.1004E+25
20.61	0.9976E+24
21.76	0.9905E+24
22.98	0.9831E+24
24.26	0.9755E+24
25.62	0.9678E+24
27.05	0.9599E+24
28.56	0.9519E+24
30.15	0.9438E+24
31.84	0.9357E+24
33.62	0.9276E+24
35.50	0.9196E+24
37.48	0.9115E+24
39.57	0.9036E+24
41.79	0.8957E+24
44.12	0.8879E+24
46.59	0.8803E+24
49.19	0.8728E+24
51.94	0.8655E+24
54.84	0.8582E+24
57.90	0.8512E+24
61.14	0.8443E+24
64.56	0.8376E+24
68.16	0.8310E+24
71.97	0.8246E+24
75.99	0.8184E+24
80.24	0.8123E+24
84.72	0.8064E+24
89.46	0.8006E+24
94.46	0.7950E+24
99.73	0.7894E+24
105.3	0.7840E+24
111.2	0.7787E+24
117.4	0.7735E+24
124.0	0.7684E+24
130.9	0.7634E+24
138.2	0.7584E+24
145.9	0.7535E+24
154.1	0.7486E+24
162.7	0.7438E+24
171.8	0.7391E+24
181.4	0.7344E+24
191.5	0.7297E+24
202.2	0.7250E+24
213.5	0.7204E+24
225.4	0.7157E+24
238.0	0.7111E+24
251.3	0.7064E+24
265.4	0.7018E+24
280.2	0.6972E+24
295.9	0.6926E+24
312.4	0.6879E+24
329.9	0.6833E+24
348.3	0.6787E+24
367.7	0.6740E+24
388.3	0.6695E+24
410.0	0.6648E+24
432.9	0.6602E+24
457.1	0.6555E+24
482.6	0.6509E+24
509.6	0.6465E+24
538.1	0.6420E+24
568.1	0.6375E+24
599.9	0.6328E+24
633.4	0.6284E+24
668.8	0.6243E+24
706.2	0.6198E+24
745.6	0.6154E+24
787.3	0.6109E+24
831.3	0.6065E+24
877.7	0.6019E+24
926.8	0.5974E+24
978.5	0.5929E+24
1033.	0.5884E+24
1091.	0.5838E+24
1152.	0.5790E+24
1216.	0.5743E+24
1284.	0.5694E+24
1356.	0.5643E+24
1432.	0.5591E+24
1512.	0.5540E+24
1596.	0.5486E+24
1685.	0.5435E+24
1780.	0.5378E+24
1879.	0.5321E+24
1984.	0.5263E+24
2095.	0.5204E+24
2212.	0.5147E+24
2336.	0.5086E+24
2466.	0.5025E+24
2604.	0.4963E+24
2749.	0.4902E+24
2903.	0.4843E+24
3065.	0.4784E+24
3236.	0.4723E+24
3417.	0.4660E+24
3608.	0.4600E+24
3810.	0.4543E+24
4023.	0.4488E+24
4247.	0.4432E+24
4485.	0.4377E+24
4735.	0.4327E+24
50000000.	0.4276E+24