0.000	0.2463E+26
0.1056	0.2420E+26
0.1115	0.2377E+26
0.1177	0.2334E+26
0.1243	0.2293E+26
0.1312	0.2252E+26
0.1386	0.2211E+26
0.1463	0.2168E+26
0.1545	0.2129E+26
0.1631	0.2091E+26
0.1722	0.2054E+26
0.1819	0.2018E+26
0.1920	0.1982E+26
0.2028	0.1948E+26
0.2141	0.1920E+26
0.2260	0.1887E+26
0.2387	0.1854E+26
0.2520	0.1822E+26
0.2661	0.1791E+26
0.2810	0.1760E+26
0.2967	0.1730E+26
0.3132	0.1709E+26
0.3307	0.1680E+26
0.3492	0.1652E+26
0.3687	0.1625E+26
0.3893	0.1598E+26
0.4111	0.1571E+26
0.4341	0.1534E+26
0.4583	0.1509E+26
0.4839	0.1485E+26
0.5110	0.1461E+26
0.5395	0.1438E+26
0.5697	0.1415E+26
0.6015	0.1392E+26
0.6351	0.1376E+26
0.6706	0.1354E+26
0.7081	0.1333E+26
0.7476	0.1312E+26
0.7894	0.1291E+26
0.8335	0.1271E+26
0.8801	0.1251E+26
0.9292	0.1231E+26
0.9812	0.1212E+26
1.036	0.1193E+26
1.094	0.1175E+26
1.155	0.1157E+26
1.220	0.1139E+26
1.288	0.1121E+26
1.360	0.1107E+26
1.436	0.1090E+26
1.516	0.1073E+26
1.601	0.1057E+26
1.690	0.1041E+26
1.784	0.1025E+26
1.884	0.1010E+26
1.989	0.9952E+25
2.101	0.9804E+25
2.218	0.9658E+25
2.342	0.9514E+25
2.473	0.9374E+25
2.611	0.9235E+25
2.757	0.9100E+25
2.911	0.8968E+25
3.073	0.8840E+25
3.245	0.8716E+25
3.426	0.8600E+25
3.618	0.8493E+25
3.820	0.8394E+25
4.033	0.8306E+25
4.259	0.8230E+25
4.497	0.8166E+25
4.748	0.8114E+25
5.013	0.8072E+25
5.293	0.8039E+25
5.589	0.8013E+25
5.902	0.7994E+25
6.231	0.7979E+25
6.580	0.7968E+25
6.947	0.7959E+25
7.335	0.7951E+25
7.745	0.7944E+25
8.178	0.7941E+25
8.635	0.7934E+25
9.117	0.7928E+25
9.627	0.7921E+25
10.16	0.7913E+25
10.73	0.7904E+25
11.33	0.7894E+25
11.97	0.7884E+25
12.63	0.7872E+25
13.34	0.7860E+25
14.09	0.7847E+25
14.87	0.7832E+25
15.70	0.7817E+25
16.58	0.7803E+25
17.51	0.7786E+25
18.49	0.7768E+25
19.52	0.7749E+25
20.61	0.7730E+25
21.76	0.7709E+25
22.98	0.7688E+25
24.26	0.7667E+25
25.62	0.7645E+25
27.05	0.7622E+25
28.56	0.7598E+25
30.15	0.7578E+25
31.84	0.7554E+25
33.62	0.7529E+25
35.50	0.7504E+25
37.48	0.7478E+25
39.57	0.7452E+25
41.79	0.7426E+25
44.12	0.7400E+25
46.59	0.7377E+25
49.19	0.7350E+25
51.94	0.7322E+25
54.84	0.7294E+25
57.90	0.7266E+25
61.14	0.7236E+25
64.56	0.7207E+25
68.16	0.7181E+25
71.97	0.7150E+25
75.99	0.7118E+25
80.24	0.7086E+25
84.72	0.7053E+25
89.46	0.7020E+25
94.46	0.6989E+25
99.73	0.6954E+25
105.3	0.6918E+25
111.2	0.6882E+25
117.4	0.6846E+25
124.0	0.6812E+25
130.9	0.6775E+25
138.2	0.6737E+25
145.9	0.6700E+25
154.1	0.6665E+25
162.7	0.6628E+25
171.8	0.6591E+25
181.4	0.6555E+25
191.5	0.6519E+25
202.2	0.6485E+25
213.5	0.6451E+25
225.4	0.6418E+25
238.0	0.6386E+25
251.3	0.6356E+25
265.4	0.6328E+25
280.2	0.6301E+25
295.9	0.6275E+25
312.4	0.6252E+25
329.9	0.6230E+25
348.3	0.6210E+25
367.7	0.6193E+25
388.3	0.6180E+25
410.0	0.6169E+25
432.9	0.6161E+25
457.1	0.6155E+25
482.6	0.6155E+25
509.6	0.6160E+25
538.1	0.6169E+25
568.1	0.6184E+25
599.9	0.6204E+25
633.4	0.6233E+25
668.8	0.6272E+25
706.2	0.6316E+25
745.6	0.6367E+25
787.3	0.6430E+25
831.3	0.6503E+25
877.7	0.6588E+25
926.8	0.6684E+25
978.5	0.6795E+25
1033.	0.6920E+25
1091.	0.7059E+25
1152.	0.7214E+25
1216.	0.7392E+25
1284.	0.7582E+25
1356.	0.7790E+25
1432.	0.8019E+25
1512.	0.8271E+25
1596.	0.8542E+25
1685.	0.8845E+25
1780.	0.9164E+25
1879.	0.9506E+25
1984.	0.9873E+25
2095.	0.1027E+26
2212.	0.1071E+26
2336.	0.1116E+26
2466.	0.1165E+26
2604.	0.1218E+26
2749.	0.1274E+26
2903.	0.1335E+26
3065.	0.1402E+26
3236.	0.1471E+26
3417.	0.1545E+26
3608.	0.1626E+26
3810.	0.1714E+26
4023.	0.1810E+26
4247.	0.1912E+26
4485.	0.2023E+26
4735.	0.2147E+26
500000.	0.2280E+26